0.00	1	24.7C	9.3
0.05	1	24.7C	9.3
0.10	0	24.7C	9.3
0.15	2	24.7C	9.3
0.20	0	24.7C	9.3
0.25	2	24.7C	9.3
0.30	2	24.7C	9.3
0.35	3	24.7C	9.3
0.40	3	24.7C	9.3
0.45	3	24.7C	9.3
0.50	3	24.7C	9.3
0.55	3	24.7C	9.3
0.60	4	24.7C	9.3
0.65	4	24.7C	9.3
0.70	12	24.7C	9.3
0.75	13	24.7C	9.3
0.80	15	24.7C	9.3
0.85	18	24.7C	9.3
0.90	23	24.7C	9.3
0.95	33	24.7C	9.3
1.00	44	24.7C	9.3
1.05	59	24.7C	9.3
1.10	77	24.7C	9.3
1.15	86	24.7C	9.3
1.20	87	24.7C	9.3
1.25	96	24.7C	9.3
1.30	112	24.7C	9.3
1.35	139	24.7C	9.3
1.40	188	24.7C	9.3
1.45	228	24.7C	9.3
1.50	252	24.7C	9.3
1.55	257	24.6C	9.3
1.60	251	24.6C	9.3
1.65	259	24.6C	9.3
1.70	273	24.7C	9.3
1.75	306	24.6C	9.3
1.80	337	24.6C	9.3
1.85	363	24.6C	9.3
1.90	384	24.6C	9.3
1.95	390	24.6C	9.3
2.00	400	24.6C	9.3
2.05	419	24.6C	9.3
2.10	446	24.6C	9.3
2.15	472	24.6C	9.3
2.20	504	24.6C	9.3
2.25	530	24.6C	9.3
2.30	555	24.6C	9.3
2.35	573	24.6C	9.3
2.40	598	24.6C	9.3
2.45	627	24.6C	9.3
2.50	661	24.6C	9.3
2.55	694	24.6C	9.3
2.60	728	24.6C	9.3
2.65	760	24.6C	9.3
2.70	788	24.6C	9.3
2.75	810	24.6C	9.3
2.80	832	24.6C	9.3
2.85	860	24.6C	9.3
2.90	887	24.6C	9.3
2.95	907	24.6C	9.3
3.00	933	24.6C	9.3
3.05	965	24.6C	9.3
3.10	993	24.6C	9.3
3.15	1024	24.6C	9.3
3.20	1042	24.6C	9.3
3.25	1061	24.6C	9.3
3.30	1089	24.6C	9.3
3.35	1122	24.6C	9.3
3.40	1157	24.6C	9.3
3.45	1182	24.6C	9.3
3.50	1198	24.6C	9.3
3.55	1221	24.6C	9.3
3.60	1252	24.6C	9.3
3.65	1281	24.6C	9.3
3.70	1311	24.6C	9.3
3.75	1320	24.6C	9.3
3.80	1345	24.6C	9.3
3.85	1383	24.6C	9.3
3.90	1415	24.6C	9.3
3.95	1437	24.6C	9.3
4.00	1457	24.6C	9.3
4.05	1478	24.6C	9.3
4.10	1510	24.6C	9.3
4.15	1534	24.6C	9.3
4.20	1560	24.6C	9.3
4.25	1586	24.6C	9.3
4.30	1620	24.6C	9.3
4.35	1654	24.6C	9.3
4.40	1681	24.6C	9.3
4.45	1699	24.6C	9.3
4.50	1714	24.6C	9.3
4.55	1737	24.6C	9.3
4.60	1764	24.6C	9.3
4.65	1794	24.6C	9.3
4.70	1820	24.6C	9.3
4.75	1841	24.6C	9.3
4.80	1861	24.6C	9.3
4.85	1885	24.6C	9.3
4.90	1906	24.6C	9.3
4.95	1929	24.6C	9.3
5.00	1958	24.6C	9.3
5.05	1981	24.6C	9.3
5.10	2000	24.6C	9.3
5.15	2022	24.6C	9.3
5.20	2042	24.6C	9.3
5.25	2066	24.6C	9.3
5.30	2091	24.6C	9.3
5.35	2114	24.6C	9.3
5.40	2136	24.6C	9.3
5.45	2159	24.6C	9.3
5.50	2178	24.6C	9.3
5.55	2201	24.6C	9.3
5.60	2220	24.5C	9.3
5.65	2241	24.5C	9.3
5.70	2260	24.5C	9.3
5.75	2282	24.5C	9.3
5.80	2304	24.5C	9.3
5.85	2324	24.5C	9.3
5.90	2345	24.5C	9.3
5.95	2369	24.5C	9.3
6.00	2390	24.5C	9.3
6.05	2408	24.5C	9.3
6.10	2427	24.5C	9.3
6.15	2450	24.5C	9.3
6.20	2468	24.5C	9.3
6.25	2487	24.5C	9.3
6.30	2507	24.5C	9.3
6.35	2528	24.5C	9.3
6.40	2548	24.5C	9.3
6.45	2570	24.5C	9.3
6.50	2586	24.5C	9.3
6.55	2605	24.5C	9.3
6.60	2623	24.5C	9.3
6.65	2643	24.5C	9.3
6.70	2659	24.5C	9.3
6.75	2677	24.5C	9.3
6.80	2695	24.5C	9.3
6.85	2714	24.5C	9.3
6.90	2730	24.5C	9.3
6.95	2748	24.5C	9.3
7.00	2770	24.5C	9.3
7.05	2786	24.5C	9.3
7.10	2804	24.5C	9.3
7.15	2820	24.5C	9.3
7.20	2836	24.5C	9.3
7.25	2852	24.5C	9.3
7.30	2871	24.5C	9.3
7.35	2889	24.5C	9.3
7.40	2907	24.5C	9.3
7.45	2923	24.5C	9.3
7.50	2937	24.5C	9.3
7.55	2953	24.5C	9.3
7.60	2972	24.5C	9.3
7.65	2987	24.5C	9.3
7.70	3004	24.5C	9.3
7.75	3019	24.5C	9.3
7.80	3036	24.5C	9.3
7.85	3052	24.5C	9.3
7.90	3067	24.5C	9.3
7.95	3083	24.5C	9.3
8.00	3099	24.5C	9.3
8.05	3114	24.5C	9.3
8.10	3131	24.5C	9.3
8.15	3146	24.5C	9.3
8.20	3161	24.5C	9.3
8.25	3174	24.5C	9.3
8.30	3189	24.5C	9.3
8.35	3205	24.5C	9.3
8.40	3218	24.5C	9.3
8.45	3234	24.5C	9.3
8.50	3248	24.5C	9.3
8.55	3263	24.5C	9.3
8.60	3277	24.5C	9.3
8.65	3295	24.5C	9.3
8.70	3305	24.5C	9.3
8.75	3320	24.5C	9.3
8.80	3333	24.5C	9.3
8.85	3348	24.5C	9.3
8.90	3363	24.5C	9.3
8.95	3374	24.5C	9.3
9.00	3388	24.5C	9.3
9.05	3401	24.5C	9.3
9.10	3415	24.5C	9.3
9.15	3426	24.5C	9.3
9.20	3440	24.5C	9.3
9.25	3453	24.5C	9.3
9.30	3467	24.5C	9.3
9.35	3479	24.5C	9.3
9.40	3492	24.5C	9.3
9.45	3506	24.5C	9.3
9.50	3519	24.5C	9.3
9.55	3529	24.5C	9.3
9.60	3543	24.5C	9.3
9.65	3555	24.5C	9.3
9.70	3566	24.5C	9.3
9.75	3579	24.5C	9.3
9.80	3591	24.5C	9.3
9.85	3604	24.5C	9.3
9.90	3616	24.5C	9.3
9.95	3628	24.5C	9.3
10.00	3637	24.5C	9.3
10.05	3650	24.5C	9.3
10.10	3659	24.5C	9.3
10.15	3671	24.5C	9.3
10.20	3681	24.5C	9.3
10.25	3694	24.5C	9.3
10.30	3705	24.5C	9.3
10.35	3715	24.5C	9.3
10.40	3726	24.5C	9.3
10.45	3736	24.5C	9.3
10.50	3747	24.5C	9.3
10.55	3758	24.5C	9.3
10.60	3769	24.5C	9.3
10.65	3778	24.5C	9.3
10.70	3788	24.5C	9.3
10.75	3798	24.5C	9.3
10.80	3809	24.5C	9.3
10.85	3817	24.5C	9.3
10.90	3827	24.5C	9.3
10.95	3835	24.5C	9.3
11.00	3846	24.5C	9.3
11.05	3856	24.5C	9.3
11.10	3865	24.5C	9.3
11.15	3874	24.5C	9.3
11.20	3883	24.5C	9.3
11.25	3893	24.5C	9.3
11.30	3903	24.5C	9.3
11.35	3912	24.5C	9.3
11.40	3920	24.5C	9.3
11.45	3928	24.5C	9.3
11.50	3936	24.5C	9.3
11.55	3944	24.5C	9.3
11.60	3953	24.5C	9.3
11.65	3962	24.5C	9.3
11.70	3971	24.5C	9.3
11.75	3979	24.5C	9.3
11.80	3989	24.5C	9.3
11.85	3995	24.5C	9.3
11.90	4004	24.5C	9.3
11.95	4012	24.5C	9.3
12.00	4020	24.5C	9.3
12.05	4028	24.5C	9.3
12.10	4036	24.5C	9.3
12.15	4043	24.5C	9.3
12.20	4050	24.5C	9.3
12.25	4057	24.5C	9.3
12.30	4065	24.5C	9.3
12.35	4071	24.5C	9.3
12.40	4079	24.5C	9.3
12.45	4086	24.5C	9.3
12.50	4094	24.5C	9.3
12.55	4100	24.5C	9.3
12.60	4107	24.5C	9.3
12.65	4113	24.5C	9.3
12.70	4121	24.5C	9.3
12.75	4126	24.5C	9.3
12.80	4133	24.5C	9.3
12.85	4140	24.5C	9.3
12.90	4146	24.5C	9.3
12.95	4154	24.5C	9.3
13.00	4160	24.5C	9.3
13.05	4164	24.5C	9.3
13.10	4171	24.5C	9.3
13.15	4176	24.5C	9.3
13.20	4182	24.5C	9.3
13.25	4189	24.5C	9.3
13.30	4195	24.5C	9.3
13.35	4200	24.5C	9.3
13.40	4205	24.5C	9.3
13.45	4211	24.5C	9.3
13.50	4216	24.5C	9.3
13.55	4220	24.5C	9.3
13.60	4226	24.5C	9.3
13.65	4230	24.5C	9.3
13.70	4236	24.5C	9.3
13.75	4241	24.5C	9.3
13.80	4247	24.5C	9.3
13.85	4250	24.5C	9.3
13.90	4256	24.5C	9.3
13.95	4260	24.5C	9.3
14.00	4264	24.5C	9.3
14.05	4269	24.5C	9.3
14.10	4272	24.5C	9.3
14.15	4277	24.5C	9.3
14.20	4282	24.5C	9.3
14.25	4286	24.5C	9.3
14.30	4290	24.5C	9.3
14.35	4293	24.5C	9.3
14.40	4299	24.5C	9.3
14.45	4303	24.5C	9.3
14.50	4305	24.5C	9.3
14.55	4309	24.5C	9.3
14.60	4314	24.5C	9.3
14.65	4317	24.5C	9.3
14.70	4322	24.5C	9.3
14.75	4324	24.5C	9.3
14.80	4329	24.5C	9.3
14.85	4329	24.5C	9.3
14.90	4333	24.5C	9.3
14.95	4336	24.5C	9.3
15.00	4340	24.5C	9.3
15.05	4344	24.5C	9.3
15.10	4347	24.5C	9.3
15.15	4349	24.5C	9.3
15.20	4350	24.5C	9.3
15.25	4354	24.5C	9.3
15.30	4356	24.5C	9.3
15.35	4360	24.5C	9.3
15.40	4362	24.5C	9.3
15.45	4364	24.5C	9.3
15.50	4366	24.5C	9.3
15.55	4367	24.5C	9.3
15.60	4370	24.5C	9.3
15.65	4372	24.5C	9.3
15.70	4374	24.5C	9.3
15.75	4376	24.5C	9.3
15.80	4377	24.5C	9.3
15.85	4378	24.5C	9.3
15.90	4380	24.5C	9.3
15.95	4382	24.5C	9.3
16.00	4383	24.5C	9.3
16.05	4386	24.5C	9.3
16.10	4385	24.5C	9.3
16.15	4388	24.5C	9.3
16.20	4388	24.5C	9.3
16.25	4390	24.5C	9.3
16.30	4391	24.5C	9.3
16.35	4393	24.5C	9.3
16.40	4392	24.5C	9.3
16.45	4393	24.5C	9.3
16.50	4393	24.5C	9.3
16.55	4394	24.5C	9.3
16.60	4393	24.5C	9.3
16.65	4400	24.5C	9.3
16.70	4398	24.5C	9.3
16.75	4396	24.5C	9.3
16.80	4397	24.5C	9.3
16.85	4401	24.5C	9.3
16.90	4405	24.5C	9.3
16.95	4406	24.5C	9.3
17.00	4404	24.5C	9.3
17.05	4404	24.5C	9.3
17.10	4401	24.5C	9.3
17.15	4401	24.5C	9.3
17.20	4402	24.5C	9.3
17.25	4403	24.5C	9.3
17.30	4401	24.5C	9.3
17.35	4401	24.5C	9.3
17.40	4401	24.5C	9.3
17.45	4398	24.5C	9.3
17.50	4399	24.5C	9.3
17.55	4401	24.5C	9.3
17.60	4404	24.5C	9.3
17.65	4398	24.5C	9.3
17.70	4401	24.5C	9.3
17.75	4401	24.5C	9.3
17.80	4390	24.5C	9.3
17.85	4394	24.5C	9.3
17.90	4394	24.5C	9.3
17.95	4392	24.5C	9.3
18.00	4392	24.5C	9.3
18.05	4392	24.5C	9.3
18.10	4385	24.5C	9.3
18.15	4382	24.5C	9.3
18.20	4373	24.5C	9.3
18.25	4372	24.5C	9.3
18.30	4373	24.5C	9.3
18.35	4382	24.5C	9.3
18.40	4387	24.5C	9.3
18.45	4372	24.5C	9.3
18.50	4388	24.5C	9.3
18.55	4369	24.5C	9.3
18.60	4372	24.5C	9.3
18.65	4367	24.5C	9.3
18.70	4361	24.5C	9.3
18.75	4359	24.5C	9.3
18.80	4358	24.5C	9.3
18.85	4358	24.5C	9.3
18.90	4358	24.5C	9.3
18.95	4359	24.5C	9.3
19.00	4346	24.5C	9.3
19.05	4334	24.5C	9.3
19.10	4329	24.5C	9.3
19.15	4332	24.5C	9.3
19.20	4333	24.5C	9.3
19.25	4333	24.5C	9.3
19.30	4333	24.5C	9.3
19.35	4328	24.5C	9.3
19.40	4332	24.5C	9.3
19.45	4341	24.5C	9.3
19.50	4341	24.5C	9.3
19.55	4341	24.5C	9.3
19.60	4337	24.5C	9.3
19.65	4314	24.5C	9.3
19.70	4280	24.5C	9.3
19.75	4274	24.5C	9.3
19.80	4293	24.5C	9.3
19.85	4319	24.5C	9.3
19.90	4334	24.5C	9.3
19.95	4331	24.5C	9.3
20.00	4323	24.5C	9.3
20.05	4318	24.5C	9.3
20.10	4305	24.5C	9.3
20.15	4304	24.5C	9.3
20.20	4305	24.5C	9.3
20.25	4295	24.5C	9.3
20.30	4278	24.5C	9.3
20.35	4265	24.5C	9.3
20.40	4256	24.5C	9.3
20.45	4253	24.5C	9.3
20.50	4252	24.5C	9.3
20.55	4243	24.5C	9.3
20.60	4232	24.5C	9.3
20.65	4225	24.5C	9.3
20.70	4223	24.5C	9.3
20.75	4222	24.5C	9.3
20.80	4226	24.5C	9.3
20.85	4229	24.5C	9.3
20.90	4234	24.5C	9.3
20.95	4233	24.5C	9.3
21.00	4226	24.5C	9.3
21.05	4213	24.5C	9.3
21.10	4202	24.5C	9.3
21.15	4230	24.5C	9.3
21.20	4273	24.5C	9.3
21.25	4262	24.5C	9.3
21.30	4257	24.5C	9.3
21.35	4260	24.5C	9.3
21.40	4254	24.5C	9.3
21.45	4267	24.5C	9.3
21.50	4223	24.5C	9.3
21.55	4200	24.5C	9.3
21.60	4222	24.5C	9.3
21.65	4240	24.5C	9.3
21.70	4238	24.5C	9.3
21.75	4238	24.5C	9.3
21.80	4240	24.5C	9.3
21.85	4230	24.5C	9.3
21.90	4223	24.5C	9.3
21.95	4217	24.5C	9.3
22.00	4215	24.5C	9.3
22.05	4205	24.5C	9.3
22.10	4200	24.5C	9.3
22.15	4199	24.5C	9.3
22.20	4194	24.5C	9.3
22.25	4180	24.5C	9.3
22.30	4158	24.5C	9.3
22.35	4146	24.5C	9.3
22.40	4153	24.5C	9.3
22.45	4175	24.5C	9.3
22.50	4200	24.5C	9.3
22.55	4209	24.5C	9.3
22.60	4202	24.5C	9.3
22.65	4198	24.5C	9.3
22.70	4201	24.5C	9.3
22.75	4201	24.5C	9.3
22.80	4189	24.5C	9.3
22.85	4184	24.5C	9.3
22.90	4188	24.5C	9.3
22.95	4136	24.5C	9.3
23.00	4122	24.5C	9.3
23.05	4164	24.5C	9.3
23.10	4187	24.5C	9.3
23.15	4185	24.5C	9.3
23.20	4181	24.5C	9.3
23.25	4174	24.5C	9.3
23.30	4171	24.5C	9.3
23.35	4168	24.5C	9.3
23.40	4163	24.5C	9.3
23.45	4141	24.5C	9.3
23.50	4144	24.5C	9.3
23.55	4141	24.5C	9.3
23.60	4137	24.5C	9.3
23.65	4144	24.5C	9.3
23.70	4141	24.5C	9.3
23.75	4144	24.5C	9.3
23.80	4161	24.5C	9.3
23.85	4158	24.5C	9.3
23.90	4150	24.5C	9.3
23.95	4119	24.5C	9.3
24.00	4121	24.6C	9.3
24.05	4136	24.5C	9.3
24.10	4133	24.5C	9.3
24.15	4119	24.5C	9.3
24.20	4112	24.6C	9.3
24.25	4096	24.6C	9.3
24.30	4099	24.6C	9.3
24.35	4082	24.5C	9.3
24.40	4081	24.5C	9.3
24.45	4078	24.5C	9.3
24.50	4073	24.5C	9.3
24.55	4049	24.6C	9.3
24.60	4055	24.5C	9.3
24.65	4095	24.5C	9.3
24.70	4093	24.5C	9.3
24.75	4095	24.5C	9.3
24.80	4088	24.5C	9.3
24.85	4086	24.5C	9.3
24.90	4080	24.5C	9.3
24.95	4085	24.6C	9.3
25.00	4078	24.6C	9.3
25.05	4085	24.5C	9.3
25.10	4090	24.5C	9.3
25.15	4081	24.5C	9.3
25.20	4067	24.6C	9.3
25.25	4077	24.6C	9.3
25.30	4064	24.5C	9.3
25.35	4021	24.5C	9.3
25.40	4004	24.5C	9.3
25.45	4012	24.5C	9.3
25.50	4036	24.5C	9.3
25.55	4039	24.5C	9.3
25.60	4026	24.5C	9.3
25.65	4006	24.5C	9.3
25.70	4006	24.5C	9.3
25.75	4020	24.5C	9.3
25.80	4022	24.5C	9.3
25.85	4014	24.5C	9.3
25.90	4008	24.5C	9.3
25.95	4005	24.6C	9.3
26.00	4003	24.5C	9.3
26.05	3992	24.5C	9.3
26.10	3971	24.5C	9.3
26.15	3953	24.6C	9.3
26.20	3951	24.6C	9.3
26.25	3965	24.6C	9.3
26.30	3982	24.6C	9.3
26.35	3991	24.5C	9.3
26.40	3988	24.5C	9.3
26.45	3961	24.6C	9.3
26.50	3941	24.6C	9.3
26.55	3959	24.6C	9.3
26.60	4007	24.6C	9.3
26.65	4017	24.6C	9.3
26.70	3997	24.6C	9.3
26.75	3991	24.6C	9.3
26.80	3990	24.5C	9.3
26.85	3993	24.5C	9.3
26.90	3991	24.6C	9.3
26.95	3996	24.6C	9.3
27.00	3975	24.6C	9.3
27.05	3928	24.5C	9.3
27.10	3919	24.6C	9.3
27.15	3935	24.5C	9.3
27.20	3954	24.6C	9.3
27.25	3969	24.6C	9.3
27.30	3980	24.5C	9.3
27.35	3965	24.6C	9.3
27.40	3950	24.6C	9.3
27.45	3909	24.5C	9.3
27.50	3892	24.6C	9.3
27.55	3935	24.5C	9.3
27.60	3956	24.6C	9.3
27.65	3954	24.6C	9.3
27.70	3948	24.5C	9.3
27.75	3943	24.5C	9.3
27.80	3930	24.6C	9.3
27.85	3921	24.6C	9.3
27.90	3918	24.6C	9.3
27.95	3914	24.5C	9.3
28.00	3922	24.6C	9.3
28.05	3909	24.6C	9.3
28.10	3895	24.5C	9.3
28.15	3889	24.6C	9.3
28.20	3893	24.6C	9.3
28.25	3902	24.6C	9.3
28.30	3922	24.5C	9.3
28.35	3923	24.6C	9.3
28.40	3907	24.5C	9.3
28.45	3904	24.5C	9.3
28.50	3908	24.5C	9.3
28.55	3932	24.6C	9.3
28.60	3909	24.6C	9.3
28.65	3907	24.5C	9.3
28.70	3864	24.5C	9.3
28.75	3830	24.5C	9.3
28.80	3831	24.6C	9.3
28.85	3844	24.5C	9.3
28.90	3845	24.6C	9.3
28.95	3840	24.6C	9.3
29.00	3836	24.5C	9.3
29.05	3834	24.6C	9.3
29.10	3837	24.6C	9.3
29.15	3845	24.6C	9.3
29.20	3857	24.6C	9.3
29.25	3864	24.6C	9.3
29.30	3862	24.6C	9.3
29.35	3865	24.5C	9.3
29.40	3865	24.6C	9.3
29.45	3867	24.5C	9.3
29.50	3864	24.6C	9.3
29.55	3858	24.6C	9.3
29.60	3849	24.6C	9.3
29.65	3837	24.5C	9.3
29.70	3817	24.5C	9.3
29.75	3796	24.6C	9.3
29.80	3784	24.6C	9.3
29.85	3789	24.6C	9.3
29.90	3801	24.6C	9.3
29.95	3811	24.5C	9.3
30.00	3816	24.5C	9.3
30.05	3813	24.6C	9.3
30.10	3806	24.6C	9.3
30.15	3802	24.6C	9.3
30.20	3793	24.5C	9.3
30.25	3784	24.6C	9.3
30.30	3774	24.6C	9.3
30.35	3769	24.5C	9.3
30.40	3761	24.5C	9.3
30.45	3758	24.5C	9.3
30.50	3756	24.5C	9.3
30.55	3759	24.6C	9.3
30.60	3769	24.5C	9.3
30.65	3779	24.6C	9.3
30.70	3786	24.5C	9.3
30.75	3794	24.6C	9.3
30.80	3790	24.6C	9.3
30.85	3783	24.5C	9.3
30.90	3772	24.6C	9.3
30.95	3761	24.6C	9.3
31.00	3754	24.6C	9.3
31.05	3750	24.5C	9.3
31.10	3746	24.5C	9.3
31.15	3743	24.6C	9.3
31.20	3739	24.5C	9.3
31.25	3734	24.5C	9.3
31.30	3727	24.6C	9.3
31.35	3723	24.6C	9.3
31.40	3722	24.5C	9.3
31.45	3721	24.5C	9.3
31.50	3720	24.6C	9.3
31.55	3715	24.6C	9.3
31.60	3711	24.5C	9.3
31.65	3707	24.6C	9.3
31.70	3704	24.5C	9.3
31.75	3702	24.6C	9.3
31.80	3699	24.6C	9.3
31.85	3701	24.5C	9.3
31.90	3701	24.5C	9.3
31.95	3702	24.6C	9.3
32.00	3705	24.5C	9.3
32.05	3709	24.6C	9.3
32.10	3715	24.6C	9.3
32.15	3726	24.5C	9.3
32.20	3728	24.6C	9.3
32.25	3727	24.6C	9.3
32.30	3726	24.5C	9.3
32.35	3725	24.6C	9.3
32.40	3720	24.6C	9.3
32.45	3714	24.5C	9.3
32.50	3714	24.5C	9.3
32.55	3711	24.6C	9.3
32.60	3709	24.6C	9.3
32.65	3706	24.6C	9.3
32.70	3704	24.6C	9.3
32.75	3700	24.6C	9.3
32.80	3675	24.6C	9.3
32.85	3653	24.6C	9.3
32.90	3644	24.6C	9.3
32.95	3655	24.6C	9.3
33.00	3668	24.6C	9.3
33.05	3676	24.6C	9.3
33.10	3678	24.6C	9.3
33.15	3674	24.6C	9.3
33.20	3668	24.6C	9.3
33.25	3656	24.6C	9.3
33.30	3646	24.6C	9.3
33.35	3636	24.6C	9.3
33.40	3636	24.6C	9.3
33.45	3652	24.5C	9.3
33.50	3671	24.6C	9.3
33.55	3675	24.6C	9.3
33.60	3662	24.6C	9.3
33.65	3653	24.6C	9.3
33.70	3652	24.6C	9.3
33.75	3648	24.5C	9.3
33.80	3648	24.6C	9.3
33.85	3645	24.6C	9.3
33.90	3641	24.6C	9.3
33.95	3638	24.5C	9.3
34.00	3633	24.6C	9.3
34.05	3636	24.5C	9.3
34.10	3634	24.5C	9.3
34.15	3623	24.6C	9.3
34.20	3610	24.5C	9.3
34.25	3607	24.5C	9.3
34.30	3609	24.6C	9.3
34.35	3617	24.5C	9.3
34.40	3620	24.6C	9.3
34.45	3618	24.6C	9.3
34.50	3623	24.6C	9.3
34.55	3624	24.5C	9.3
34.60	3618	24.5C	9.3
34.65	3609	24.5C	9.3
34.70	3600	24.6C	9.3
34.75	3588	24.6C	9.3
34.80	3576	24.5C	9.3
34.85	3569	24.5C	9.3
34.90	3567	24.6C	9.3
34.95	3572	24.5C	9.3
35.00	3584	24.5C	9.3
35.05	3589	24.5C	9.3
35.10	3586	24.6C	9.3
35.15	3583	24.6C	9.3
35.20	3573	24.6C	9.3
35.25	3560	24.5C	9.3
35.30	3547	24.6C	9.3
35.35	3545	24.6C	9.3
35.40	3545	24.5C	9.3
35.45	3542	24.6C	9.3
35.50	3537	24.6C	9.3
35.55	3534	24.5C	9.3
35.60	3529	24.6C	9.3
35.65	3528	24.6C	9.3
35.70	3525	24.6C	9.3
35.75	3524	24.5C	9.3
35.80	3519	24.6C	9.3
35.85	3519	24.6C	9.3
35.90	3522	24.6C	9.3
35.95	3525	24.6C	9.3
36.00	3535	24.5C	9.3
36.05	3540	24.5C	9.3
36.10	3548	24.5C	9.3
36.15	3548	24.5C	9.3
36.20	3540	24.5C	9.3
36.25	3531	24.6C	9.3
36.30	3513	24.5C	9.3
36.35	3493	24.5C	9.3
36.40	3478	24.6C	9.3
36.45	3473	24.5C	9.3
36.50	3475	24.6C	9.3
36.55	3476	24.6C	9.3
36.60	3477	24.6C	9.3
36.65	3475	24.6C	9.3
36.70	3473	24.6C	9.3
36.75	3467	24.6C	9.3
36.80	3464	24.6C	9.3
36.85	3462	24.6C	9.3
36.90	3467	24.6C	9.3
36.95	3476	24.5C	9.3
37.00	3482	24.6C	9.3
37.05	3486	24.6C	9.3
37.10	3488	24.6C	9.3
37.15	3490	24.6C	9.3
37.20	3486	24.6C	9.3
37.25	3479	24.6C	9.3
37.30	3473	24.6C	9.3
37.35	3463	24.6C	9.3
37.40	3455	24.6C	9.3
37.45	3454	24.6C	9.3
37.50	3461	24.6C	9.3
37.55	3474	24.6C	9.3
37.60	3476	24.6C	9.3
37.65	3479	24.6C	9.3
37.70	3492	24.6C	9.3
37.75	3479	24.6C	9.3
37.80	3444	24.5C	9.3
37.85	3406	24.6C	9.3
37.90	3406	24.5C	9.3
37.95	3422	24.6C	9.3
38.00	3420	24.5C	9.3
38.05	3402	24.5C	9.3
38.10	3408	24.5C	9.3
38.15	3436	24.5C	9.3
38.20	3431	24.6C	9.3
38.25	3422	24.6C	9.3
38.30	3419	24.5C	9.3
38.35	3416	24.6C	9.3
38.40	3411	24.6C	9.3
38.45	3407	24.6C	9.3
38.50	3417	24.6C	9.3
38.55	3439	24.5C	9.3
38.60	3417	24.5C	9.3
38.65	3410	24.6C	9.3
38.70	3417	24.5C	9.3
38.75	3405	24.6C	9.3
38.80	3407	24.6C	9.3
38.85	3400	24.6C	9.3
38.90	3410	24.5C	9.3
38.95	3401	24.6C	9.3
39.00	3405	24.5C	9.3
39.05	3364	24.6C	9.3
39.10	3345	24.5C	9.3
39.15	3359	24.5C	9.3
39.20	3383	24.6C	9.3
39.25	3390	24.5C	9.3
39.30	3392	24.6C	9.3
39.35	3388	24.5C	9.3
39.40	3377	24.5C	9.3
39.45	3367	24.6C	9.3
39.50	3366	24.5C	9.3
39.55	3361	24.6C	9.3
39.60	3359	24.6C	9.3
39.65	3365	24.6C	9.3
39.70	3359	24.6C	9.3
39.75	3358	24.6C	9.3
39.80	3361	24.5C	9.3
39.85	3355	24.6C	9.3
39.90	3343	24.6C	9.3
39.95	3332	24.6C	9.3
40.00	3323	24.5C	9.3
40.05	3321	24.6C	9.3
40.10	3322	24.6C	9.3
40.15	3325	24.5C	9.3
40.20	3321	24.5C	9.3
40.25	3319	24.6C	9.3
40.30	3318	24.6C	9.3
40.35	3321	24.5C	9.3
40.40	3321	24.5C	9.3
40.45	3324	24.5C	9.3
40.50	3329	24.5C	9.3
40.55	3319	24.6C	9.3
40.60	3298	24.5C	9.3
40.65	3283	24.5C	9.3
40.70	3273	24.5C	9.3
40.75	3272	24.5C	9.3
40.80	3273	24.5C	9.3
40.85	3275	24.5C	9.3
40.90	3275	24.5C	9.3
40.95	3271	24.5C	9.3
41.00	3267	24.5C	9.3
41.05	3261	24.5C	9.3
41.10	3260	24.5C	9.3
41.15	3256	24.5C	9.3
41.20	3258	24.5C	9.3
41.25	3258	24.5C	9.3
41.30	3257	24.5C	9.3
41.35	3257	24.6C	9.3
41.40	3258	24.5C	9.3
41.45	3259	24.5C	9.3
41.50	3261	24.5C	9.3
41.55	3257	24.5C	9.3
41.60	3255	24.5C	9.3
41.65	3253	24.6C	9.3
41.70	3251	24.5C	9.3
41.75	3247	24.5C	9.3
41.80	3245	24.5C	9.3
41.85	3243	24.5C	9.3
41.90	3239	24.5C	9.3
41.95	3234	24.5C	9.3
42.00	3231	24.5C	9.3
42.05	3225	24.5C	9.3
42.10	3222	24.5C	9.3
42.15	3223	24.5C	9.3
42.20	3222	24.5C	9.3
42.25	3222	24.5C	9.3
42.30	3217	24.6C	9.3
42.35	3209	24.5C	9.3
42.40	3197	24.6C	9.3
42.45	3193	24.5C	9.3
42.50	3187	24.5C	9.3
42.55	3183	24.6C	9.3
42.60	3181	24.6C	9.3
42.65	3180	24.6C	9.3
42.70	3184	24.5C	9.3
42.75	3186	24.6C	9.3
42.80	3186	24.5C	9.3
42.85	3186	24.5C	9.3
42.90	3185	24.5C	9.3
42.95	3185	24.5C	9.3
43.00	3179	24.5C	9.3
43.05	3172	24.5C	9.3
43.10	3168	24.5C	9.3
43.15	3164	24.5C	9.3
43.20	3164	24.5C	9.3
43.25	3166	24.5C	9.3
43.30	3166	24.5C	9.3
43.35	3165	24.5C	9.3
43.40	3159	24.5C	9.3
43.45	3154	24.6C	9.3
43.50	3154	24.5C	9.3
43.55	3152	24.5C	9.3
43.60	3152	24.5C	9.3
43.65	3151	24.5C	9.3
43.70	3149	24.5C	9.3
43.75	3146	24.5C	9.3
43.80	3146	24.5C	9.3
43.85	3144	24.5C	9.3
43.90	3142	24.5C	9.3
43.95	3141	24.5C	9.3
44.00	3142	24.6C	9.3
44.05	3133	24.5C	9.3
44.10	3142	24.5C	9.3
44.15	3142	24.5C	9.3
44.20	3134	24.5C	9.3
44.25	3128	24.5C	9.3
44.30	3122	24.5C	9.3
44.35	3116	24.5C	9.3
44.40	3114	24.5C	9.3
44.45	3110	24.5C	9.3
44.50	3106	24.5C	9.3
44.55	3102	24.5C	9.3
44.60	3099	24.5C	9.3
44.65	3094	24.5C	9.3
44.70	3090	24.5C	9.3
44.75	3087	24.5C	9.3
44.80	3086	24.5C	9.3
44.85	3087	24.6C	9.3
44.90	3095	24.5C	9.3
44.95	3099	24.6C	9.3
45.00	3096	24.5C	9.3
45.05	3092	24.5C	9.3
45.10	3083	24.5C	9.3
45.15	3072	24.5C	9.3
45.20	3058	24.5C	9.3
45.25	3054	24.5C	9.3
45.30	3050	24.5C	9.3
45.35	3047	24.5C	9.3
45.40	3044	24.5C	9.3
45.45	3044	24.5C	9.3
45.50	3043	24.5C	9.3
45.55	3039	24.5C	9.3
45.60	3037	24.5C	9.3
45.65	3031	24.5C	9.3
45.70	3025	24.5C	9.3
45.75	3022	24.5C	9.3
45.80	3020	24.5C	9.3
45.85	3020	24.5C	9.3
45.90	3018	24.5C	9.3
45.95	3015	24.5C	9.3
46.00	3010	24.5C	9.3
46.05	3008	24.5C	9.3
46.10	3006	24.5C	9.3
46.15	3007	24.5C	9.3
46.20	3011	24.5C	9.3
46.25	3014	24.5C	9.3
46.30	3015	24.5C	9.3
46.35	3009	24.6C	9.3
46.40	3002	24.5C	9.3
46.45	2993	24.5C	9.3
46.50	2985	24.5C	9.3
46.55	2981	24.5C	9.3
46.60	2981	24.5C	9.3
46.65	2983	24.5C	9.3
46.70	2985	24.5C	9.3
46.75	2980	24.5C	9.3
46.80	2979	24.5C	9.3
46.85	2975	24.5C	9.3
46.90	2973	24.5C	9.3
46.95	2976	24.5C	9.3
47.00	2978	24.5C	9.3
47.05	2981	24.5C	9.3
47.10	2982	24.5C	9.3
47.15	2977	24.5C	9.3
47.20	2973	24.5C	9.3
47.25	2964	24.5C	9.3
47.30	2956	24.5C	9.3
47.35	2947	24.5C	9.3
47.40	2937	24.5C	9.3
47.45	2934	24.5C	9.3
47.50	2931	24.5C	9.3
47.55	2929	24.5C	9.3
47.60	2926	24.5C	9.3
47.65	2927	24.5C	9.3
47.70	2927	24.5C	9.3
47.75	2924	24.5C	9.3
47.80	2921	24.5C	9.3
47.85	2920	24.5C	9.3
47.90	2919	24.5C	9.3
47.95	2915	24.5C	9.3
48.00	2909	24.5C	9.3
48.05	2908	24.5C	9.3
48.10	2906	24.5C	9.3
48.15	2903	24.5C	9.3
48.20	2900	24.5C	9.3
48.25	2895	24.5C	9.3
48.30	2891	24.5C	9.3
48.35	2888	24.5C	9.3
48.40	2883	24.5C	9.3
48.45	2881	24.5C	9.3
48.50	2880	24.5C	9.3
48.55	2879	24.5C	9.3
48.60	2879	24.5C	9.3
48.65	2878	24.5C	9.3
48.70	2877	24.5C	9.3
48.75	2879	24.5C	9.3
48.80	2880	24.5C	9.3
48.85	2883	24.5C	9.3
48.90	2892	24.5C	9.3
48.95	2899	24.5C	9.3
49.00	2904	24.5C	9.3
49.05	2904	24.5C	9.3
49.10	2901	24.5C	9.3
49.15	2900	24.5C	9.3
49.20	2907	24.5C	9.3
49.25	2897	24.5C	9.3
49.30	2893	24.5C	9.3
49.35	2894	24.5C	9.3
49.40	2891	24.5C	9.3
49.45	2889	24.5C	9.3
49.50	2875	24.5C	9.3
49.55	2880	24.5C	9.3
49.60	2881	24.5C	9.3
49.65	2869	24.5C	9.3
49.70	2868	24.5C	9.3
49.75	2870	24.5C	9.3
49.80	2865	24.5C	9.3
49.85	2860	24.5C	9.3
49.90	2854	24.5C	9.3
49.95	2838	24.5C	9.3
50.00	2840	24.5C	9.3
50.05	2840	24.5C	9.3
50.10	2837	24.5C	9.3
50.15	2834	24.5C	9.3
50.20	2836	24.5C	9.3
50.25	2836	24.5C	9.3
50.30	2835	24.5C	9.3
50.35	2823	24.5C	9.3
50.40	2811	24.5C	9.3
50.45	2805	24.5C	9.3
50.50	2810	24.5C	9.3
50.55	2819	24.5C	9.3
50.60	2822	24.5C	9.3
50.65	2827	24.5C	9.3
50.70	2825	24.5C	9.3
50.75	2826	24.5C	9.3
50.80	2820	24.5C	9.3
50.85	2814	24.5C	9.3
50.90	2802	24.5C	9.3
50.95	2785	24.5C	9.3
51.00	2772	24.5C	9.3
51.05	2769	24.5C	9.3
51.10	2778	24.5C	9.3
51.15	2791	24.5C	9.3
51.20	2798	24.5C	9.3
51.25	2799	24.5C	9.3
51.30	2791	24.5C	9.3
51.35	2785	24.5C	9.3
51.40	2779	24.5C	9.3
51.45	2781	24.5C	9.3
51.50	2776	24.5C	9.3
51.55	2766	24.5C	9.3
51.60	2758	24.5C	9.3
51.65	2758	24.5C	9.3
51.70	2756	24.5C	9.3
51.75	2755	24.5C	9.3
51.80	2753	24.5C	9.3
51.85	2749	24.5C	9.3
51.90	2747	24.5C	9.3
51.95	2744	24.5C	9.3
52.00	2742	24.5C	9.3
52.05	2740	24.5C	9.3
52.10	2738	24.5C	9.3
52.15	2748	24.5C	9.3
52.20	2747	24.5C	9.3
52.25	2745	24.5C	9.3
52.30	2740	24.5C	9.3
52.35	2739	24.5C	9.3
52.40	2736	24.5C	9.3
52.45	2731	24.5C	9.3
52.50	2727	24.5C	9.3
52.55	2744	24.5C	9.3
52.60	2739	24.5C	9.3
52.65	2741	24.5C	9.3
52.70	2725	24.5C	9.3
52.75	2726	24.5C	9.3
52.80	2711	24.5C	9.3
52.85	2710	24.5C	9.3
52.90	2709	24.5C	9.3
52.95	2703	24.5C	9.3
53.00	2692	24.5C	9.3
53.05	2681	24.5C	9.3
53.10	2673	24.5C	9.3
53.15	2665	24.5C	9.3
53.20	2664	24.5C	9.3
53.25	2666	24.5C	9.3
53.30	2673	24.5C	9.3
53.35	2681	24.5C	9.3
53.40	2680	24.5C	9.3
53.45	2687	24.5C	9.3
53.50	2688	24.5C	9.3
53.55	2681	24.5C	9.3
53.60	2677	24.5C	9.3
53.65	2670	24.5C	9.3
53.70	2660	24.5C	9.3
53.75	2654	24.5C	9.3
53.80	2646	24.5C	9.3
53.85	2636	24.5C	9.3
53.90	2630	24.5C	9.3
53.95	2624	24.5C	9.3
54.00	2621	24.5C	9.3
54.05	2615	24.5C	9.3
54.10	2613	24.5C	9.3
54.15	2609	24.5C	9.3
54.20	2603	24.5C	9.3
54.25	2599	24.5C	9.3
54.30	2597	24.5C	9.3
54.35	2597	24.5C	9.3
54.40	2606	24.5C	9.3
54.45	2618	24.5C	9.3
54.50	2622	24.5C	9.3
54.55	2628	24.5C	9.3
54.60	2627	24.5C	9.3
54.65	2626	24.5C	9.3
54.70	2627	24.5C	9.3
54.75	2626	24.5C	9.3
54.80	2625	24.5C	9.3
54.85	2617	24.5C	9.3
54.90	2610	24.5C	9.3
54.95	2602	24.5C	9.3
55.00	2593	24.5C	9.3
55.05	2584	24.5C	9.3
55.10	2578	24.5C	9.3
55.15	2573	24.5C	9.3
55.20	2571	24.5C	9.3
55.25	2573	24.5C	9.3
55.30	2572	24.5C	9.3
55.35	2571	24.5C	9.3
55.40	2572	24.5C	9.3
55.45	2569	24.5C	9.3
55.50	2568	24.5C	9.3
55.55	2565	24.5C	9.3
55.60	2564	24.5C	9.3
55.65	2562	24.5C	9.3
55.70	2559	24.5C	9.3
55.75	2556	24.5C	9.3
55.80	2555	24.5C	9.3
55.85	2557	24.5C	9.3
55.90	2561	24.5C	9.3
55.95	2570	24.5C	9.3
56.00	2564	24.5C	9.3
56.05	2539	24.5C	9.3
56.10	2517	24.5C	9.3
56.15	2510	24.5C	9.3
56.20	2524	24.5C	9.3
56.25	2547	24.5C	9.3
56.30	2552	24.5C	9.3
56.35	2541	24.5C	9.3
56.40	2534	24.5C	9.3
56.45	2529	24.5C	9.3
56.50	2528	24.5C	9.3
56.55	2520	24.5C	9.3
56.60	2527	24.5C	9.3
56.65	2516	24.5C	9.3
56.70	2511	24.5C	9.3
56.75	2509	24.5C	9.3
56.80	2504	24.5C	9.3
56.85	2500	24.5C	9.3
56.90	2496	24.5C	9.3
56.95	2493	24.5C	9.3
57.00	2496	24.5C	9.3
57.05	2504	24.5C	9.3
57.10	2508	24.5C	9.3
57.15	2503	24.5C	9.3
57.20	2501	24.5C	9.3
57.25	2495	24.5C	9.3
57.30	2489	24.5C	9.3
57.35	2478	24.5C	9.3
57.40	2476	24.5C	9.3
57.45	2476	24.5C	9.3
57.50	2474	24.5C	9.3
57.55	2473	24.5C	9.3
57.60	2474	24.5C	9.3
57.65	2472	24.5C	9.3
57.70	2471	24.5C	9.3
57.75	2470	24.5C	9.3
57.80	2468	24.5C	9.3
57.85	2463	24.5C	9.3
57.90	2455	24.5C	9.3
57.95	2450	24.5C	9.3
58.00	2446	24.5C	9.3
58.05	2444	24.5C	9.3
58.10	2440	24.5C	9.3
58.15	2441	24.5C	9.3
58.20	2441	24.5C	9.3
58.25	2453	24.5C	9.3
58.30	2444	24.5C	9.3
58.35	2440	24.5C	9.3
58.40	2441	24.5C	9.3
58.45	2439	24.5C	9.3
58.50	2441	24.5C	9.3
58.55	2447	24.5C	9.3
58.60	2441	24.5C	9.3
58.65	2394	24.5C	9.3
58.70	2392	24.5C	9.3
58.75	2411	24.5C	9.3
58.80	2416	24.5C	9.3
58.85	2410	24.5C	9.3
58.90	2414	24.5C	9.3
58.95	2412	24.5C	9.3
59.00	2419	24.5C	9.3
59.05	2425	24.5C	9.3
59.10	2411	24.5C	9.3
59.15	2410	24.5C	9.3
59.20	2402	24.5C	9.3
59.25	2400	24.5C	9.3
59.30	2400	24.5C	9.3
59.35	2393	24.5C	9.3
59.40	2394	24.5C	9.3
59.45	2389	24.5C	9.3
59.50	2365	24.5C	9.3
59.55	2351	24.5C	9.3
59.60	2345	24.5C	9.3
59.65	2351	24.5C	9.3
59.70	2360	24.5C	9.3
59.75	2372	24.5C	9.3
59.80	2377	24.5C	9.3
59.85	2372	24.5C	9.3
59.90	2374	24.5C	9.3
59.95	2372	24.5C	9.3
60.00	2363	24.5C	9.3
60.05	2363	24.5C	9.3
60.10	2358	24.5C	9.3
60.15	2360	24.5C	9.3
60.20	2361	24.5C	9.3
60.25	2360	24.5C	9.3
60.30	2358	24.5C	9.3
60.35	2355	24.5C	9.3
60.40	2353	24.5C	9.3
60.45	2350	24.5C	9.3
60.50	2330	24.5C	9.3
60.55	2320	24.5C	9.3
60.60	2314	24.5C	9.3
60.65	2308	24.5C	9.3
60.70	2305	24.5C	9.3
60.75	2304	24.5C	9.3
60.80	2300	24.5C	9.3
60.85	2298	24.5C	9.3
60.90	2300	24.5C	9.3
60.95	2302	24.5C	9.3
61.00	2305	24.5C	9.3
61.05	2307	24.5C	9.3
61.10	2304	24.5C	9.3
61.15	2297	24.5C	9.3
61.20	2289	24.5C	9.3
61.25	2290	24.5C	9.3
61.30	2287	24.5C	9.3
61.35	2283	24.5C	9.3
61.40	2280	24.5C	9.3
61.45	2278	24.5C	9.3
61.50	2276	24.5C	9.3
61.55	2274	24.5C	9.3
61.60	2274	24.5C	9.3
61.65	2276	24.5C	9.3
61.70	2275	24.5C	9.3
61.75	2290	24.5C	9.3
61.80	2283	24.5C	9.3
61.85	2270	24.5C	9.3
61.90	2252	24.5C	9.3
61.95	2243	24.5C	9.3
62.00	2237	24.5C	9.3
62.05	2234	24.5C	9.3
62.10	2233	24.5C	9.3
62.15	2237	24.5C	9.3
62.20	2234	24.5C	9.3
62.25	2232	24.5C	9.3
62.30	2231	24.5C	9.3
62.35	2231	24.5C	9.3
62.40	2230	24.5C	9.3
62.45	2227	24.5C	9.3
62.50	2226	24.5C	9.3
62.55	2223	24.5C	9.3
62.60	2221	24.5C	9.3
62.65	2218	24.5C	9.3
62.70	2216	24.5C	9.3
62.75	2215	24.5C	9.3
62.80	2213	24.5C	9.3
62.85	2214	24.5C	9.3
62.90	2213	24.5C	9.3
62.95	2208	24.5C	9.3
63.00	2209	24.5C	9.3
63.05	2206	24.5C	9.3
63.10	2203	24.5C	9.3
63.15	2204	24.5C	9.3
63.20	2179	24.5C	9.3
63.25	2179	24.5C	9.3
63.30	2202	24.5C	9.3
63.35	2200	24.5C	9.3
63.40	2187	24.5C	9.3
63.45	2185	24.5C	9.3
63.50	2181	24.5C	9.3
63.55	2182	24.5C	9.3
63.60	2183	24.5C	9.3
63.65	2182	24.5C	9.3
63.70	2175	24.5C	9.3
63.75	2172	24.5C	9.3
63.80	2185	24.5C	9.3
63.85	2176	24.5C	9.3
63.90	2166	24.5C	9.3
63.95	2170	24.5C	9.3
64.00	2167	24.5C	9.3
64.05	2166	24.5C	9.3
64.10	2140	24.5C	9.3
64.15	2122	24.5C	9.3
64.20	2113	24.5C	9.3
64.25	2108	24.5C	9.3
64.30	2109	24.5C	9.3
64.35	2111	24.5C	9.3
64.40	2110	24.5C	9.3
64.45	2116	24.5C	9.3
64.50	2117	24.5C	9.3
64.55	2116	24.5C	9.3
64.60	2117	24.5C	9.3
64.65	2114	24.5C	9.3
64.70	2113	24.5C	9.3
64.75	2113	24.5C	9.3
64.80	2110	24.5C	9.3
64.85	2107	24.5C	9.3
64.90	2101	24.5C	9.3
64.95	2097	24.5C	9.3
65.00	2095	24.5C	9.3
65.05	2092	24.5C	9.3
65.10	2091	24.5C	9.3
65.15	2091	24.5C	9.3
65.20	2084	24.5C	9.3
65.25	2080	24.5C	9.3
65.30	2078	24.5C	9.3
65.35	2073	24.5C	9.3
65.40	2070	24.5C	9.3
65.45	2069	24.5C	9.3
65.50	2066	24.5C	9.3
65.55	2066	24.5C	9.3
65.60	2067	24.5C	9.3
65.65	2070	24.5C	9.3
65.70	2076	24.5C	9.3
65.75	2076	24.5C	9.3
65.80	2061	24.5C	9.3
65.85	2041	24.5C	9.3
65.90	2036	24.5C	9.3
65.95	2042	24.5C	9.3
66.00	2049	24.5C	9.3
66.05	2053	24.5C	9.3
66.10	2053	24.5C	9.3
66.15	2052	24.5C	9.3
66.20	2051	24.5C	9.3
66.25	2051	24.5C	9.3
66.30	2044	24.5C	9.3
66.35	2035	24.5C	9.3
66.40	2022	24.5C	9.3
66.45	2021	24.5C	9.3
66.50	2017	24.5C	9.3
66.55	2016	24.5C	9.3
66.60	2018	24.5C	9.3
66.65	2017	24.5C	9.3
66.70	2027	24.5C	9.3
66.75	2012	24.5C	9.3
66.80	2020	24.5C	9.3
66.85	2040	24.5C	9.3
66.90	2043	24.5C	9.3
66.95	2028	24.5C	9.3
67.00	2014	24.5C	9.3
67.05	1988	24.5C	9.3
67.10	1964	24.5C	9.3
67.15	1953	24.5C	9.3
67.20	1949	24.5C	9.3
67.25	1950	24.5C	9.3
67.30	1950	24.5C	9.3
67.35	1950	24.5C	9.3
67.40	1950	24.5C	9.3
67.45	1949	24.5C	9.3
67.50	1950	24.5C	9.3
67.55	1949	24.5C	9.3
67.60	1947	24.5C	9.3
67.65	1945	24.5C	9.3
67.70	1942	24.5C	9.3
67.75	1940	24.5C	9.3
67.80	1937	24.5C	9.3
67.85	1934	24.5C	9.3
67.90	1927	24.5C	9.3
67.95	1924	24.5C	9.3
68.00	1922	24.5C	9.3
68.05	1914	24.5C	9.3
68.10	1908	24.5C	9.3
68.15	1902	24.5C	9.3
68.20	1899	24.5C	9.3
68.25	1897	24.5C	9.3
68.30	1895	24.5C	9.3
68.35	1896	24.5C	9.3
68.40	1896	24.5C	9.3
68.45	1896	24.5C	9.3
68.50	1894	24.5C	9.3
68.55	1893	24.5C	9.3
68.60	1894	24.5C	9.3
68.65	1897	24.5C	9.3
68.70	1903	24.5C	9.3
68.75	1906	24.5C	9.3
68.80	1909	24.5C	9.3
68.85	1913	24.5C	9.3
68.90	1916	24.5C	9.3
68.95	1919	24.5C	9.3
69.00	1922	24.5C	9.3
69.05	1919	24.5C	9.3
69.10	1912	24.5C	9.3
69.15	1896	24.5C	9.3
69.20	1879	24.5C	9.3
69.25	1862	24.5C	9.3
69.30	1851	24.5C	9.3
69.35	1848	24.5C	9.3
69.40	1845	24.5C	9.3
69.45	1846	24.5C	9.3
69.50	1844	24.5C	9.3
69.55	1845	24.5C	9.3
69.60	1844	24.5C	9.3
69.65	1844	24.5C	9.3
69.70	1844	24.5C	9.3
69.75	1844	24.5C	9.3
69.80	1846	24.5C	9.3
69.85	1848	24.5C	9.3
69.90	1859	24.5C	9.3
69.95	1858	24.5C	9.3
70.00	1851	24.5C	9.3
70.05	1841	24.5C	9.3
70.10	1837	24.5C	9.3
70.15	1833	24.5C	9.3
70.20	1830	24.5C	9.3
70.25	1825	24.5C	9.3
70.30	1824	24.5C	9.3
70.35	1823	24.5C	9.3
70.40	1821	24.5C	9.3
70.45	1822	24.5C	9.3
70.50	1833	24.5C	9.3
70.55	1821	24.5C	9.3
70.60	1819	24.5C	9.3
70.65	1821	24.5C	9.3
70.70	1824	24.5C	9.3
70.75	1805	24.5C	9.3
70.80	1789	24.5C	9.3
70.85	1775	24.5C	9.3
70.90	1769	24.5C	9.3
70.95	1772	24.5C	9.3
71.00	1779	24.5C	9.3
71.05	1787	24.5C	9.3
71.10	1779	24.5C	9.3
71.15	1772	24.5C	9.3
71.20	1763	24.5C	9.3
71.25	1755	24.5C	9.3
71.30	1753	24.5C	9.3
71.35	1754	24.5C	9.3
71.40	1757	24.5C	9.3
71.45	1757	24.5C	9.3
71.50	1760	24.5C	9.3
71.55	1761	24.5C	9.3
71.60	1762	24.5C	9.3
71.65	1761	24.5C	9.3
71.70	1762	24.5C	9.3
71.75	1759	24.5C	9.3
71.80	1762	24.5C	9.3
71.85	1757	24.5C	9.3
71.90	1744	24.5C	9.3
71.95	1742	24.5C	9.3
72.00	1747	24.5C	9.3
72.05	1744	24.5C	9.3
72.10	1746	24.5C	9.3
72.15	1750	24.5C	9.3
72.20	1732	24.5C	9.3
72.25	1691	24.5C	9.3
72.30	1689	24.5C	9.3
72.35	1706	24.5C	9.3
72.40	1720	24.5C	9.3
72.45	1723	24.5C	9.3
72.50	1718	24.5C	9.3
72.55	1714	24.5C	9.3
72.60	1714	24.5C	9.3
72.65	1714	24.5C	9.3
72.70	1712	24.5C	9.3
72.75	1702	24.5C	9.3
72.80	1708	24.5C	9.3
72.85	1713	24.5C	9.3
72.90	1724	24.5C	9.3
72.95	1711	24.5C	9.3
73.00	1698	24.5C	9.3
73.05	1673	24.5C	9.3
73.10	1654	24.5C	9.3
73.15	1656	24.5C	9.3
73.20	1671	24.5C	9.3
73.25	1682	24.5C	9.3
73.30	1683	24.5C	9.3
73.35	1678	24.5C	9.3
73.40	1673	24.5C	9.3
73.45	1670	24.5C	9.3
73.50	1669	24.5C	9.3
73.55	1669	24.5C	9.3
73.60	1660	24.5C	9.3
73.65	1661	24.5C	9.3
73.70	1660	24.5C	9.3
73.75	1660	24.5C	9.3
73.80	1661	24.4C	9.3
73.85	1657	24.5C	9.3
73.90	1658	24.4C	9.3
73.95	1653	24.5C	9.3
74.00	1649	24.5C	9.3
74.05	1650	24.5C	9.3
74.10	1644	24.4C	9.3
74.15	1604	24.5C	9.3
74.20	1601	24.5C	9.3
74.25	1625	24.5C	9.3
74.30	1644	24.5C	9.3
74.35	1634	24.4C	9.3
74.40	1624	24.5C	9.3
74.45	1621	24.5C	9.3
74.50	1619	24.5C	9.3
74.55	1618	24.5C	9.3
74.60	1617	24.5C	9.3
74.65	1618	24.4C	9.3
74.70	1619	24.5C	9.3
74.75	1620	24.4C	9.3
74.80	1617	24.5C	9.3
74.85	1611	24.5C	9.3
74.90	1612	24.5C	9.3
74.95	1614	24.4C	9.3
75.00	1600	24.5C	9.3
75.05	1589	24.4C	9.3
75.10	1578	24.5C	9.3
75.15	1571	24.4C	9.3
75.20	1569	24.4C	9.3
75.25	1572	24.4C	9.3
75.30	1570	24.4C	9.3
75.35	1571	24.4C	9.3
75.40	1567	24.4C	9.3
75.45	1564	24.4C	9.3
75.50	1559	24.4C	9.3
75.55	1554	24.4C	9.3
75.60	1551	24.4C	9.3
75.65	1550	24.4C	9.3
75.70	1547	24.4C	9.3
75.75	1547	24.4C	9.3
75.80	1550	24.4C	9.3
75.85	1547	24.4C	9.3
75.90	1541	24.4C	9.3
75.95	1534	24.4C	9.3
76.00	1529	24.4C	9.3
76.05	1527	24.4C	9.3
76.10	1528	24.4C	9.3
76.15	1532	24.4C	9.3
76.20	1540	24.4C	9.3
76.25	1546	24.4C	9.3
76.30	1541	24.4C	9.3
76.35	1539	24.4C	9.3
76.40	1534	24.4C	9.3
76.45	1527	24.4C	9.3
76.50	1521	24.4C	9.3
76.55	1513	24.4C	9.3
76.60	1509	24.4C	9.3
76.65	1507	24.4C	9.3
76.70	1504	24.4C	9.3
76.75	1502	24.4C	9.3
76.80	1499	24.4C	9.3
76.85	1500	24.4C	9.3
76.90	1501	24.4C	9.3
76.95	1510	24.4C	9.3
77.00	1519	24.4C	9.3
77.05	1511	24.4C	9.3
77.10	1506	24.4C	9.3
77.15	1507	24.4C	9.3
77.20	1493	24.4C	9.3
77.25	1474	24.4C	9.3
77.30	1454	24.4C	9.3
77.35	1444	24.4C	9.3
77.40	1442	24.4C	9.3
77.45	1447	24.4C	9.3
77.50	1455	24.4C	9.3
77.55	1459	24.4C	9.3
77.60	1463	24.4C	9.3
77.65	1460	24.4C	9.3
77.70	1452	24.4C	9.3
77.75	1444	24.4C	9.3
77.80	1436	24.4C	9.3
77.85	1436	24.4C	9.3
77.90	1434	24.4C	9.3
77.95	1431	24.4C	9.3
78.00	1426	24.4C	9.3
78.05	1424	24.4C	9.3
78.10	1423	24.4C	9.3
78.15	1419	24.4C	9.3
78.20	1416	24.4C	9.3
78.25	1410	24.4C	9.3
78.30	1407	24.4C	9.3
78.35	1405	24.4C	9.3
78.40	1405	24.4C	9.3
78.45	1407	24.4C	9.3
78.50	1407	24.4C	9.3
78.55	1406	24.4C	9.3
78.60	1406	24.4C	9.3
78.65	1404	24.4C	9.3
78.70	1405	24.4C	9.3
78.75	1408	24.4C	9.3
78.80	1409	24.4C	9.3
78.85	1413	24.4C	9.3
78.90	1408	24.4C	9.3
78.95	1401	24.4C	9.3
79.00	1398	24.4C	9.3
79.05	1396	24.4C	9.3
79.10	1395	24.4C	9.3
79.15	1395	24.4C	9.3
79.20	1398	24.4C	9.3
79.25	1396	24.4C	9.3
79.30	1391	24.4C	9.3
79.35	1384	24.4C	9.3
79.40	1377	24.4C	9.3
79.45	1376	24.4C	9.3
79.50	1373	24.4C	9.3
79.55	1370	24.4C	9.3
79.60	1369	24.4C	9.3
79.65	1365	24.4C	9.3
79.70	1362	24.4C	9.3
79.75	1359	24.4C	9.3
79.80	1356	24.4C	9.3
79.85	1353	24.4C	9.3
79.90	1353	24.4C	9.3
79.95	1351	24.4C	9.3
80.00	1351	24.4C	9.3
80.05	1350	24.4C	9.3
80.10	1361	24.4C	9.3
80.15	1369	24.4C	9.3
80.20	1345	24.4C	9.3
80.25	1347	24.4C	9.3
80.30	1348	24.4C	9.3
80.35	1346	24.4C	9.3
80.40	1344	24.4C	9.3
80.45	1326	24.4C	9.3
80.50	1308	24.4C	9.3
80.55	1298	24.4C	9.3
80.60	1296	24.4C	9.3
80.65	1297	24.4C	9.3
80.70	1297	24.4C	9.3
80.75	1294	24.4C	9.3
80.80	1292	24.4C	9.3
80.85	1288	24.4C	9.3
80.90	1283	24.4C	9.3
80.95	1280	24.4C	9.3
81.00	1279	24.4C	9.3
81.05	1277	24.4C	9.3
81.10	1275	24.4C	9.3
81.15	1268	24.4C	9.3
81.20	1263	24.4C	9.3
81.25	1258	24.4C	9.3
81.30	1253	24.4C	9.3
81.35	1255	24.4C	9.3
81.40	1255	24.4C	9.3
81.45	1255	24.4C	9.3
81.50	1254	24.4C	9.3
81.55	1250	24.4C	9.3
81.60	1250	24.4C	9.3
81.65	1253	24.4C	9.3
81.70	1251	24.4C	9.3
81.75	1251	24.4C	9.3
81.80	1247	24.4C	9.3
81.85	1244	24.4C	9.3
81.90	1242	24.4C	9.3
81.95	1243	24.4C	9.3
82.00	1242	24.4C	9.3
82.05	1244	24.4C	9.3
82.10	1242	24.4C	9.3
82.15	1237	24.4C	9.3
82.20	1236	24.4C	9.3
82.25	1235	24.4C	9.3
82.30	1235	24.4C	9.3
82.35	1235	24.4C	9.3
82.40	1233	24.4C	9.3
82.45	1230	24.4C	9.3
82.50	1228	24.4C	9.3
82.55	1230	24.4C	9.3
82.60	1227	24.4C	9.3
82.65	1237	24.4C	9.3
82.70	1235	24.4C	9.3
82.75	1226	24.4C	9.3
82.80	1218	24.4C	9.3
82.85	1219	24.4C	9.3
82.90	1218	24.4C	9.3
82.95	1223	24.4C	9.3
83.00	1215	24.4C	9.3
83.05	1210	24.4C	9.3
83.10	1206	24.4C	9.3
83.15	1203	24.4C	9.3
83.20	1211	24.4C	9.3
83.25	1202	24.4C	9.3
83.30	1206	24.4C	9.3
83.35	1203	24.4C	9.3
83.40	1208	24.4C	9.3
83.45	1194	24.4C	9.3
83.50	1193	24.4C	9.3
83.55	1187	24.4C	9.3
83.60	1182	24.4C	9.3
83.65	1149	24.4C	9.3
83.70	1144	24.4C	9.3
83.75	1168	24.4C	9.3
83.80	1183	24.4C	9.3
83.85	1183	24.4C	9.3
83.90	1176	24.4C	9.3
83.95	1173	24.4C	9.3
84.00	1170	24.4C	9.3
84.05	1169	24.4C	9.3
84.10	1166	24.4C	9.3
84.15	1170	24.4C	9.3
84.20	1165	24.4C	9.3
84.25	1146	24.4C	9.3
84.30	1126	24.4C	9.3
84.35	1117	24.4C	9.3
84.40	1114	24.4C	9.3
84.45	1115	24.4C	9.3
84.50	1116	24.4C	9.3
84.55	1117	24.4C	9.3
84.60	1119	24.4C	9.3
84.65	1121	24.4C	9.3
84.70	1124	24.4C	9.3
84.75	1128	24.4C	9.3
84.80	1126	24.4C	9.3
84.85	1123	24.4C	9.3
84.90	1121	24.4C	9.3
84.95	1109	24.4C	9.3
85.00	1096	24.4C	9.3
85.05	1083	24.4C	9.3
85.10	1072	24.4C	9.3
85.15	1070	24.4C	9.3
85.20	1072	24.4C	9.3
85.25	1074	24.4C	9.3
85.30	1077	24.4C	9.3
85.35	1081	24.4C	9.3
85.40	1084	24.4C	9.3
85.45	1089	24.4C	9.3
85.50	1092	24.4C	9.3
85.55	1096	24.4C	9.3
85.60	1100	24.4C	9.3
85.65	1098	24.4C	9.3
85.70	1096	24.4C	9.3
85.75	1093	24.4C	9.3
85.80	1089	24.4C	9.3
85.85	1073	24.4C	9.3
85.90	1068	24.4C	9.3
85.95	1057	24.4C	9.3
86.00	1050	24.4C	9.3
86.05	1041	24.4C	9.3
86.10	1029	24.4C	9.3
86.15	1021	24.4C	9.3
86.20	1019	24.4C	9.3
86.25	1020	24.4C	9.3
86.30	1030	24.4C	9.3
86.35	1036	24.4C	9.3
86.40	1042	24.4C	9.3
86.45	1041	24.4C	9.3
86.50	1036	24.4C	9.3
86.55	1028	24.4C	9.3
86.60	1024	24.4C	9.3
86.65	1018	24.4C	9.3
86.70	1013	24.4C	9.3
86.75	1011	24.4C	9.3
86.80	1008	24.4C	9.3
86.85	1004	24.4C	9.3
86.90	995	24.4C	9.3
86.95	985	24.4C	9.3
87.00	981	24.4C	9.3
87.05	980	24.4C	9.3
87.10	978	24.4C	9.3
87.15	977	24.4C	9.3
87.20	974	24.4C	9.3
87.25	974	24.4C	9.3
87.30	976	24.4C	9.3
87.35	977	24.4C	9.3
87.40	975	24.4C	9.3
87.45	974	24.4C	9.3
87.50	974	24.4C	9.3
87.55	976	24.4C	9.3
87.60	973	24.4C	9.3
87.65	976	24.4C	9.3
87.70	977	24.4C	9.3
87.75	981	24.4C	9.3
87.80	983	24.4C	9.3
87.85	978	24.4C	9.3
87.90	972	24.4C	9.3
87.95	963	24.4C	9.3
88.00	951	24.4C	9.3
88.05	937	24.4C	9.3
88.10	926	24.4C	9.3
88.15	923	24.4C	9.3
88.20	926	24.4C	9.3
88.25	928	24.4C	9.3
88.30	932	24.4C	9.3
88.35	935	24.4C	9.3
88.40	934	24.4C	9.3
88.45	934	24.4C	9.3
88.50	931	24.4C	9.3
88.55	930	24.4C	9.3
88.60	928	24.4C	9.3
88.65	927	24.4C	9.3
88.70	923	24.4C	9.3
88.75	923	24.4C	9.3
88.80	920	24.4C	9.3
88.85	919	24.4C	9.3
88.90	914	24.4C	9.3
88.95	903	24.4C	9.3
89.00	893	24.4C	9.3
89.05	884	24.4C	9.3
89.10	883	24.4C	9.3
89.15	885	24.4C	9.3
89.20	891	24.4C	9.3
89.25	893	24.4C	9.3
89.30	885	24.4C	9.3
89.35	880	24.4C	9.3
89.40	870	24.4C	9.3
89.45	865	24.4C	9.3
89.50	867	24.4C	9.3
89.55	869	24.4C	9.3
89.60	869	24.4C	9.3
89.65	869	24.4C	9.3
89.70	867	24.4C	9.3
89.75	865	24.4C	9.3
89.80	864	24.4C	9.3
89.85	863	24.4C	9.3
89.90	853	24.4C	9.3
89.95	844	24.4C	9.3
90.00	838	24.4C	9.3
90.05	838	24.4C	9.3
90.10	857	24.4C	9.3
90.15	881	24.4C	9.3
90.20	876	24.4C	9.3
90.25	864	24.4C	9.3
90.30	859	24.4C	9.3
90.35	861	24.4C	9.3
90.40	862	24.4C	9.3
90.45	863	24.4C	9.3
90.50	857	24.4C	9.3
90.55	856	24.4C	9.3
90.60	857	24.4C	9.3
90.65	856	24.4C	9.3
90.70	851	24.4C	9.3
90.75	845	24.4C	9.3
90.80	839	24.4C	9.3
90.85	841	24.4C	9.3
90.90	848	24.4C	9.3
90.95	849	24.4C	9.3
91.00	849	24.4C	9.3
91.05	843	24.4C	9.3
91.10	841	24.4C	9.3
91.15	840	24.4C	9.3
91.20	840	24.4C	9.3
91.25	838	24.4C	9.3
91.30	836	24.4C	9.3
91.35	834	24.4C	9.3
91.40	832	24.4C	9.3
91.45	834	24.4C	9.3
91.50	837	24.4C	9.3
91.55	836	24.4C	9.3
91.60	835	24.4C	9.3
91.65	837	24.4C	9.3
91.70	838	24.4C	9.3
91.75	836	24.4C	9.3
91.80	836	24.4C	9.3
91.85	833	24.4C	9.3
91.90	832	24.4C	9.3
91.95	830	24.4C	9.3
92.00	829	24.4C	9.3
92.05	829	24.4C	9.3
92.10	831	24.4C	9.3
92.15	831	24.4C	9.3
92.20	830	24.4C	9.3
92.25	829	24.4C	9.3
92.30	830	24.4C	9.3
92.35	830	24.4C	9.3
92.40	828	24.4C	9.3
92.45	826	24.4C	9.3
92.50	824	24.4C	9.3
92.55	823	24.4C	9.3
92.60	821	24.4C	9.3
92.65	819	24.4C	9.3
92.70	816	24.4C	9.3
92.75	816	24.4C	9.3
92.80	818	24.4C	9.3
92.85	821	24.4C	9.3
92.90	821	24.4C	9.3
92.95	819	24.4C	9.3
93.00	820	24.4C	9.3
93.05	818	24.4C	9.3
93.10	817	24.4C	9.3
93.15	816	24.4C	9.3
93.20	813	24.4C	9.3
93.25	810	24.4C	9.3
93.30	808	24.4C	9.3
93.35	805	24.4C	9.3
93.40	804	24.4C	9.3
93.45	803	24.4C	9.3
93.50	804	24.4C	9.3
93.55	803	24.4C	9.3
93.60	803	24.4C	9.3
93.65	803	24.4C	9.3
93.70	801	24.4C	9.3
93.75	799	24.4C	9.3
93.80	798	24.4C	9.3
93.85	797	24.4C	9.3
93.90	797	24.4C	9.3
93.95	796	24.4C	9.3
94.00	795	24.4C	9.3
94.05	793	24.4C	9.3
94.10	791	24.4C	9.3
94.15	792	24.4C	9.3
94.20	791	24.4C	9.3
94.25	790	24.4C	9.3
94.30	791	24.4C	9.3
94.35	789	24.4C	9.3
94.40	788	24.4C	9.3
94.45	789	24.4C	9.3
94.50	787	24.4C	9.3
94.55	786	24.4C	9.3
94.60	785	24.4C	9.3
94.65	784	24.4C	9.3
94.70	782	24.4C	9.3
94.75	782	24.4C	9.3
94.80	781	24.4C	9.3
94.85	781	24.4C	9.3
94.90	780	24.4C	9.3
94.95	778	24.4C	9.3
95.00	778	24.4C	9.3
95.05	778	24.4C	9.3
95.10	776	24.4C	9.3
95.15	775	24.4C	9.3
95.20	776	24.4C	9.3
95.25	774	24.4C	9.3
95.30	772	24.4C	9.3
95.35	770	24.4C	9.3
95.40	768	24.4C	9.3
95.45	766	24.4C	9.3
95.50	764	24.4C	9.3
95.55	761	24.4C	9.3
95.60	761	24.4C	9.3
95.65	763	24.4C	9.3
95.70	761	24.4C	9.3
95.75	761	24.4C	9.3
95.80	760	24.4C	9.3
95.85	760	24.4C	9.3
95.90	759	24.4C	9.3
95.95	759	24.4C	9.3
96.00	757	24.4C	9.3
96.05	756	24.4C	9.3
96.10	755	24.4C	9.3
96.15	754	24.4C	9.3
96.20	755	24.4C	9.3
96.25	753	24.4C	9.3
96.30	754	24.4C	9.3
96.35	751	24.4C	9.3
96.40	753	24.4C	9.3
96.45	750	24.4C	9.3
96.50	749	24.4C	9.3
96.55	748	24.4C	9.3
96.60	747	24.4C	9.3
96.65	743	24.4C	9.3
96.70	745	24.4C	9.3
96.75	742	24.4C	9.3
96.80	741	24.4C	9.3
96.85	740	24.4C	9.3
96.90	740	24.4C	9.3
96.95	738	24.4C	9.3
97.00	737	24.4C	9.3
97.05	736	24.4C	9.3
97.10	735	24.4C	9.3
97.15	732	24.4C	9.3
97.20	733	24.4C	9.3
97.25	732	24.4C	9.3
97.30	730	24.4C	9.3
97.35	731	24.4C	9.3
97.40	730	24.4C	9.3
97.45	728	24.4C	9.3
97.50	726	24.4C	9.3
97.55	725	24.4C	9.3
97.60	724	24.4C	9.3
97.65	722	24.4C	9.3
97.70	721	24.4C	9.3
97.75	718	24.4C	9.3
97.80	719	24.4C	9.3
97.85	719	24.4C	9.3
97.90	717	24.4C	9.3
97.95	717	24.4C	9.3
98.00	716	24.4C	9.3
98.05	717	24.4C	9.3
98.10	717	24.4C	9.3
98.15	715	24.4C	9.3
98.20	715	24.4C	9.3
98.25	715	24.4C	9.3
98.30	714	24.4C	9.3
98.35	714	24.4C	9.3
98.40	713	24.4C	9.3
98.45	712	24.4C	9.3
98.50	710	24.4C	9.3
98.55	711	24.4C	9.3
98.60	710	24.4C	9.3
98.65	709	24.4C	9.3
98.70	707	24.4C	9.3
98.75	706	24.4C	9.3
98.80	704	24.4C	9.3
98.85	702	24.4C	9.3
98.90	701	24.4C	9.3
98.95	699	24.4C	9.3
99.00	697	24.4C	9.3
99.05	698	24.4C	9.3
99.10	697	24.4C	9.3
99.15	695	24.4C	9.3
99.20	695	24.4C	9.3
99.25	693	24.4C	9.3
99.30	692	24.4C	9.3
99.35	689	24.4C	9.3
99.40	689	24.4C	9.3
99.45	687	24.4C	9.3
99.50	687	24.4C	9.3
99.55	685	24.4C	9.3
99.60	685	24.4C	9.3
99.65	685	24.4C	9.3
99.70	683	24.4C	9.3
99.75	683	24.4C	9.3
99.80	682	24.4C	9.3
99.85	681	24.4C	9.3
99.90	678	24.4C	9.3
99.95	678	24.4C	9.3
100.00	677	24.4C	9.3
100.05	677	24.4C	9.3
100.10	673	24.4C	9.3
100.15	672	24.4C	9.3
100.20	671	24.4C	9.3
100.25	671	24.4C	9.3
100.30	671	24.4C	9.3
100.35	669	24.4C	9.3
100.40	667	24.4C	9.3
100.45	667	24.4C	9.3
100.50	665	24.4C	9.3
100.55	661	24.4C	9.3
100.60	662	24.4C	9.3
100.65	660	24.4C	9.3
100.70	661	24.3C	9.3
100.75	660	24.4C	9.3
100.80	659	24.4C	9.3
100.85	657	24.4C	9.3
100.90	657	24.4C	9.3
100.95	656	24.4C	9.3
101.00	655	24.3C	9.3
101.05	653	24.4C	9.3
101.10	652	24.4C	9.3
101.15	652	24.3C	9.3
101.20	649	24.4C	9.3
101.25	647	24.3C	9.3
101.30	647	24.4C	9.3
101.35	647	24.4C	9.3
101.40	645	24.4C	9.3
101.45	645	24.3C	9.3
101.50	644	24.3C	9.3
101.55	643	24.4C	9.3
101.60	643	24.3C	9.3
101.65	643	24.3C	9.3
101.70	641	24.4C	9.3
101.75	640	24.3C	9.3
101.80	639	24.3C	9.3
101.85	639	24.4C	9.3
101.90	637	24.3C	9.3
101.95	636	24.4C	9.3
102.00	636	24.3C	9.3
102.05	632	24.3C	9.3
102.10	631	24.3C	9.3
102.15	628	24.4C	9.3
102.20	626	24.4C	9.3
102.25	625	24.3C	9.3
102.30	625	24.3C	9.3
102.35	624	24.4C	9.3
102.40	622	24.4C	9.3
102.45	623	24.3C	9.3
102.50	623	24.3C	9.3
102.55	620	24.4C	9.3
102.60	620	24.3C	9.3
102.65	618	24.3C	9.3
102.70	617	24.3C	9.3
102.75	617	24.3C	9.3
102.80	615	24.3C	9.3
102.85	614	24.3C	9.3
102.90	613	24.3C	9.3
102.95	611	24.3C	9.3
103.00	610	24.3C	9.3
103.05	607	24.4C	9.3
103.10	609	24.4C	9.3
103.15	607	24.3C	9.3
103.20	607	24.3C	9.3
103.25	604	24.3C	9.3
103.30	605	24.3C	9.3
103.35	603	24.3C	9.3
103.40	602	24.3C	9.3
103.45	601	24.3C	9.3
103.50	600	24.3C	9.3
103.55	598	24.3C	9.3
103.60	596	24.3C	9.3
103.65	596	24.4C	9.3
103.70	594	24.3C	9.3
103.75	593	24.3C	9.3
103.80	592	24.3C	9.3
103.85	592	24.3C	9.3
103.90	589	24.3C	9.3
103.95	589	24.3C	9.3
104.00	589	24.3C	9.3
104.05	586	24.3C	9.3
104.10	587	24.3C	9.3
104.15	586	24.3C	9.3
104.20	585	24.3C	9.3
104.25	582	24.3C	9.3
104.30	581	24.3C	9.3
104.35	574	24.3C	9.3
104.40	565	24.4C	9.3
104.45	567	24.3C	9.3
104.50	566	24.3C	9.3
104.55	566	24.3C	9.3
104.60	563	24.3C	9.3
104.65	562	24.3C	9.3
104.70	560	24.3C	9.3
104.75	562	24.3C	9.3
104.80	569	24.3C	9.3
104.85	573	24.3C	9.3
104.90	569	24.3C	9.3
104.95	567	24.3C	9.3
105.00	565	24.3C	9.3
105.05	562	24.3C	9.3
105.10	561	24.3C	9.3
105.15	560	24.3C	9.3
105.20	558	24.3C	9.3
105.25	556	24.3C	9.3
105.30	555	24.3C	9.3
105.35	556	24.3C	9.3
105.40	556	24.3C	9.3
105.45	557	24.3C	9.3
105.50	555	24.3C	9.3
105.55	552	24.3C	9.3
105.60	552	24.3C	9.3
105.65	545	24.3C	9.3
105.70	545	24.3C	9.3
105.75	546	24.3C	9.3
105.80	546	24.3C	9.3
105.85	545	24.3C	9.3
105.90	544	24.3C	9.3
105.95	542	24.3C	9.3
106.00	542	24.3C	9.3
106.05	543	24.3C	9.3
106.10	540	24.3C	9.3
106.15	540	24.3C	9.3
106.20	540	24.3C	9.3
106.25	539	24.3C	9.3
106.30	542	24.3C	9.3
106.35	543	24.3C	9.3
106.40	543	24.3C	9.3
106.45	542	24.3C	9.3
106.50	540	24.3C	9.3
106.55	538	24.3C	9.3
106.60	537	24.3C	9.3
106.65	536	24.3C	9.3
106.70	534	24.3C	9.3
106.75	534	24.3C	9.3
106.80	533	24.3C	9.3
106.85	533	24.3C	9.3
106.90	531	24.3C	9.3
106.95	532	24.3C	9.3
107.00	530	24.3C	9.3
107.05	526	24.3C	9.3
107.10	525	24.3C	9.3
107.15	525	24.3C	9.3
107.20	522	24.3C	9.3
107.25	520	24.3C	9.3
107.30	521	24.3C	9.3
107.35	524	24.3C	9.3
107.40	522	24.3C	9.3
107.45	515	24.3C	9.3
107.50	516	24.3C	9.3
107.55	516	24.3C	9.3
107.60	513	24.3C	9.3
107.65	515	24.3C	9.3
107.70	513	24.3C	9.3
107.75	510	24.3C	9.3
107.80	505	24.3C	9.3
107.85	502	24.3C	9.3
107.90	500	24.3C	9.3
107.95	497	24.3C	9.3
108.00	497	24.3C	9.3
108.05	496	24.3C	9.3
108.10	494	24.3C	9.3
108.15	493	24.3C	9.3
108.20	493	24.3C	9.3
108.25	491	24.3C	9.3
108.30	493	24.3C	9.3
108.35	501	24.3C	9.3
108.40	503	24.3C	9.3
108.45	502	24.3C	9.3
108.50	500	24.3C	9.3
108.55	498	24.3C	9.3
108.60	496	24.3C	9.3
108.65	492	24.3C	9.3
108.70	492	24.3C	9.3
108.75	490	24.3C	9.3
108.80	488	24.3C	9.3
108.85	487	24.3C	9.3
108.90	484	24.3C	9.3
108.95	479	24.3C	9.3
109.00	475	24.3C	9.3
109.05	474	24.3C	9.3
109.10	472	24.3C	9.3
109.15	467	24.3C	9.3
109.20	468	24.3C	9.3
109.25	467	24.3C	9.3
109.30	467	24.3C	9.3
109.35	467	24.3C	9.3
109.40	464	24.3C	9.3
109.45	464	24.3C	9.3
109.50	468	24.3C	9.3
109.55	474	24.3C	9.3
109.60	475	24.3C	9.3
109.65	474	24.3C	9.3
109.70	472	24.3C	9.3
109.75	471	24.3C	9.3
109.80	470	24.3C	9.3
109.85	471	24.3C	9.3
109.90	471	24.3C	9.3
109.95	470	24.3C	9.3
110.00	466	24.3C	9.3
110.05	469	24.3C	9.3
110.10	463	24.3C	9.3
110.15	462	24.3C	9.3
110.20	457	24.3C	9.3
110.25	451	24.3C	9.3
110.30	450	24.3C	9.3
110.35	448	24.3C	9.3
110.40	450	24.3C	9.3
110.45	450	24.3C	9.3
110.50	451	24.3C	9.3
110.55	450	24.3C	9.3
110.60	447	24.3C	9.3
110.65	445	24.3C	9.3
110.70	444	24.3C	9.3
110.75	445	24.3C	9.3
110.80	448	24.3C	9.3
110.85	449	24.3C	9.3
110.90	448	24.3C	9.3
110.95	447	24.3C	9.3
111.00	446	24.3C	9.3
111.05	446	24.3C	9.3
111.10	446	24.3C	9.3
111.15	444	24.3C	9.3
111.20	443	24.3C	9.3
111.25	443	24.3C	9.3
111.30	438	24.3C	9.3
111.35	441	24.3C	9.3
111.40	442	24.3C	9.3
111.45	443	24.3C	9.3
111.50	442	24.3C	9.3
111.55	436	24.3C	9.3
111.60	433	24.3C	9.3
111.65	431	24.3C	9.3
111.70	427	24.3C	9.3
111.75	425	24.3C	9.3
111.80	424	24.3C	9.3
111.85	420	24.3C	9.3
111.90	420	24.3C	9.3
111.95	418	24.3C	9.3
112.00	418	24.3C	9.3
112.05	418	24.3C	9.3
112.10	416	24.3C	9.3
112.15	417	24.3C	9.3
112.20	416	24.3C	9.3
112.25	414	24.3C	9.3
112.30	413	24.3C	9.3
112.35	412	24.3C	9.3
112.40	412	24.3C	9.3
112.45	412	24.3C	9.3
112.50	413	24.3C	9.3
112.55	416	24.3C	9.3
112.60	421	24.3C	9.3
112.65	422	24.3C	9.3
112.70	424	24.3C	9.3
112.75	422	24.3C	9.3
112.80	420	24.3C	9.3
112.85	415	24.3C	9.3
112.90	415	24.3C	9.3
112.95	411	24.3C	9.3
113.00	411	24.3C	9.3
113.05	410	24.3C	9.3
113.10	410	24.3C	9.3
113.15	410	24.3C	9.3
113.20	408	24.3C	9.3
113.25	409	24.3C	9.3
113.30	409	24.3C	9.3
113.35	409	24.3C	9.3
113.40	407	24.3C	9.3
113.45	407	24.3C	9.3
113.50	404	24.3C	9.3
113.55	403	24.3C	9.3
113.60	399	24.3C	9.3
113.65	396	24.3C	9.3
113.70	394	24.3C	9.3
113.75	393	24.3C	9.3
113.80	392	24.3C	9.3
113.85	393	24.3C	9.3
113.90	391	24.3C	9.3
113.95	391	24.3C	9.3
114.00	388	24.3C	9.3
114.05	386	24.3C	9.3
114.10	385	24.3C	9.3
114.15	383	24.3C	9.3
114.20	382	24.3C	9.3
114.25	382	24.3C	9.3
114.30	386	24.3C	9.3
114.35	388	24.3C	9.3
114.40	390	24.3C	9.3
114.45	388	24.3C	9.3
114.50	386	24.3C	9.3
114.55	385	24.3C	9.3
114.60	384	24.3C	9.3
114.65	385	24.3C	9.3
114.70	384	24.3C	9.3
114.75	381	24.3C	9.3
114.80	379	24.3C	9.3
114.85	379	24.3C	9.3
114.90	378	24.3C	9.3
114.95	373	24.3C	9.3
115.00	370	24.3C	9.3
115.05	368	24.3C	9.3
115.10	365	24.3C	9.3
115.15	365	24.3C	9.3
115.20	365	24.3C	9.3
115.25	365	24.3C	9.3
115.30	367	24.3C	9.3
115.35	366	24.3C	9.3
115.40	365	24.3C	9.3
115.45	363	24.3C	9.3
115.50	361	24.3C	9.3
115.55	364	24.3C	9.3
115.60	364	24.3C	9.3
115.65	362	24.3C	9.3
115.70	360	24.3C	9.3
115.75	361	24.3C	9.3
115.80	360	24.3C	9.3
115.85	357	24.3C	9.3
115.90	356	24.3C	9.3
115.95	356	24.3C	9.3
116.00	355	24.3C	9.3
116.05	357	24.3C	9.3
116.10	352	24.3C	9.3
116.15	353	24.3C	9.3
116.20	353	24.3C	9.3
116.25	352	24.3C	9.3
116.30	347	24.3C	9.3
116.35	341	24.3C	9.3
116.40	339	24.3C	9.3
116.45	336	24.3C	9.3
116.50	335	24.3C	9.3
116.55	332	24.3C	9.3
116.60	332	24.3C	9.3
116.65	334	24.3C	9.3
116.70	337	24.3C	9.3
116.75	337	24.3C	9.3
116.80	335	24.3C	9.3
116.85	332	24.3C	9.3
116.90	327	24.3C	9.3
116.95	324	24.3C	9.3
117.00	324	24.3C	9.3
117.05	323	24.3C	9.3
117.10	322	24.3C	9.3
117.15	320	24.3C	9.3
117.20	316	24.3C	9.3
117.25	316	24.3C	9.3
117.30	314	24.3C	9.3
117.35	314	24.3C	9.3
117.40	313	24.3C	9.3
117.45	313	24.3C	9.3
117.50	313	24.3C	9.3
117.55	311	24.3C	9.3
117.60	309	24.3C	9.3
117.65	309	24.3C	9.3
117.70	308	24.3C	9.3
117.75	308	24.3C	9.3
117.80	311	24.3C	9.3
117.85	315	24.3C	9.3
117.90	316	24.3C	9.3
117.95	315	24.3C	9.3
118.00	310	24.3C	9.3
118.05	313	24.3C	9.3
118.10	314	24.3C	9.3
118.15	307	24.3C	9.3
118.20	307	24.3C	9.3
118.25	306	24.3C	9.3
118.30	302	24.3C	9.3
118.35	299	24.3C	9.3
118.40	300	24.3C	9.3
118.45	298	24.3C	9.3
118.50	297	24.3C	9.3
118.55	297	24.3C	9.3
118.60	293	24.3C	9.3
118.65	294	24.3C	9.3
118.70	295	24.3C	9.3
118.75	296	24.3C	9.3
118.80	294	24.3C	9.3
118.85	291	24.3C	9.3
118.90	289	24.3C	9.3
118.95	289	24.3C	9.3
119.00	289	24.3C	9.3
119.05	287	24.3C	9.3
119.10	283	24.3C	9.3
119.15	281	24.3C	9.3
119.20	281	24.3C	9.3
119.25	281	24.3C	9.3
119.30	278	24.3C	9.3
119.35	278	24.3C	9.3
119.40	277	24.3C	9.3
119.45	276	24.3C	9.3
119.50	276	24.3C	9.3
119.55	274	24.3C	9.3
119.60	276	24.3C	9.3
119.65	273	24.3C	9.3
119.70	272	24.3C	9.3
119.75	270	24.3C	9.3
119.80	271	24.3C	9.3
119.85	269	24.3C	9.3
119.90	266	24.3C	9.3
119.95	266	24.3C	9.3
120.00	265	24.3C	9.3
120.05	263	24.3C	9.3
120.10	261	24.3C	9.3
120.15	261	24.3C	9.3
120.20	260	24.3C	9.3
120.25	257	24.3C	9.3
120.30	256	24.3C	9.3
120.35	258	24.3C	9.3
120.40	259	24.3C	9.3
120.45	256	24.3C	9.3
120.50	253	24.3C	9.3
120.55	253	24.3C	9.3
120.60	250	24.3C	9.3
120.65	249	24.3C	9.3
120.70	247	24.3C	9.3
120.75	246	24.3C	9.3
120.80	245	24.3C	9.3
120.85	244	24.3C	9.3
120.90	245	24.3C	9.3
120.95	244	24.3C	9.3
121.00	245	24.3C	9.3
121.05	244	24.3C	9.3
121.10	242	24.3C	9.3
121.15	239	24.3C	9.3
121.20	239	24.3C	9.3
121.25	237	24.3C	9.3
121.30	238	24.3C	9.3
121.35	235	24.3C	9.3
121.40	234	24.3C	9.3
121.45	232	24.3C	9.3
121.50	231	24.3C	9.3
121.55	232	24.3C	9.3
121.60	230	24.3C	9.3
121.65	229	24.3C	9.3
121.70	228	24.3C	9.3
121.75	226	24.3C	9.3
121.80	225	24.3C	9.3
121.85	226	24.3C	9.3
121.90	224	24.3C	9.3
121.95	224	24.3C	9.3
122.00	223	24.3C	9.3
122.05	223	24.3C	9.3
122.10	218	24.3C	9.3
122.15	220	24.3C	9.3
122.20	217	24.3C	9.3
122.25	221	24.3C	9.3
122.30	217	24.3C	9.3
122.35	209	24.3C	9.3
122.40	205	24.3C	9.3
122.45	202	24.3C	9.3
122.50	202	24.3C	9.3
122.55	203	24.3C	9.3
122.60	205	24.3C	9.3
122.65	205	24.3C	9.3
122.70	202	24.3C	9.3
122.75	197	24.3C	9.3
122.80	193	24.3C	9.3
122.85	193	24.3C	9.3
122.90	192	24.3C	9.3
122.95	190	24.3C	9.3
123.00	190	24.3C	9.3
123.05	190	24.3C	9.3
123.10	195	24.3C	9.3
123.15	199	24.3C	9.3
123.20	200	24.3C	9.3
123.25	198	24.3C	9.3
123.30	198	24.3C	9.3
123.35	197	24.3C	9.3
123.40	195	24.3C	9.3
123.45	195	24.3C	9.3
123.50	192	24.3C	9.3
123.55	190	24.3C	9.3
123.60	189	24.3C	9.3
123.65	189	24.3C	9.3
123.70	189	24.3C	9.3
123.75	187	24.3C	9.3
123.80	187	24.3C	9.3
123.85	186	24.3C	9.3
123.90	186	24.3C	9.3
123.95	185	24.3C	9.3
124.00	183	24.3C	9.3
124.05	182	24.3C	9.3
124.10	180	24.3C	9.3
124.15	178	24.3C	9.3
124.20	175	24.3C	9.3
124.25	172	24.3C	9.3
124.30	170	24.3C	9.3
124.35	167	24.3C	9.3
124.40	166	24.3C	9.3
124.45	163	24.3C	9.3
124.50	163	24.3C	9.3
124.55	162	24.3C	9.3
124.60	163	24.3C	9.3
124.65	164	24.3C	9.3
124.70	164	24.3C	9.3
124.75	164	24.3C	9.3
124.80	161	24.3C	9.3
124.85	159	24.3C	9.3
124.90	158	24.3C	9.3
124.95	157	24.3C	9.3
125.00	155	24.3C	9.3
125.05	154	24.3C	9.3
125.10	152	24.3C	9.3
125.15	153	24.3C	9.3
125.20	151	24.3C	9.3
125.25	154	24.3C	9.3
125.30	155	24.3C	9.3
125.35	155	24.3C	9.3
125.40	155	24.3C	9.3
125.45	154	24.3C	9.3
125.50	152	24.3C	9.3
125.55	151	24.3C	9.3
125.60	147	24.3C	9.3
125.65	144	24.3C	9.3
125.70	142	24.3C	9.3
125.75	141	24.3C	9.3
125.80	142	24.3C	9.3
125.85	144	24.3C	9.3
125.90	144	24.3C	9.3
125.95	144	24.3C	9.3
126.00	141	24.3C	9.3
126.05	141	24.3C	9.3
126.10	140	24.3C	9.3
126.15	137	24.3C	9.3
126.20	133	24.3C	9.3
126.25	129	24.3C	9.3
126.30	127	24.3C	9.3
126.35	124	24.3C	9.3
126.40	125	24.3C	9.3
126.45	125	24.3C	9.3
126.50	125	24.3C	9.3
126.55	126	24.3C	9.3
126.60	128	24.3C	9.3
126.65	127	24.3C	9.3
126.70	126	24.3C	9.3
126.75	125	24.3C	9.3
126.80	123	24.3C	9.3
126.85	118	24.3C	9.3
126.90	117	24.3C	9.3
126.95	114	24.3C	9.3
127.00	114	24.3C	9.3
127.05	112	24.3C	9.3
127.10	113	24.3C	9.3
127.15	113	24.3C	9.3
127.20	112	24.3C	9.3
127.25	113	24.3C	9.3
127.30	113	24.3C	9.3
127.35	111	24.3C	9.3
127.40	110	24.3C	9.3
127.45	109	24.3C	9.3
127.50	106	24.3C	9.3
127.55	104	24.3C	9.3
127.60	103	24.3C	9.3
127.65	103	24.3C	9.3
127.70	103	24.3C	9.3
127.75	102	24.3C	9.3
127.80	101	24.3C	9.3
127.85	100	24.3C	9.3
127.90	100	24.3C	9.3
127.95	97	24.3C	9.3
128.00	98	24.3C	9.3
128.05	95	24.3C	9.3
128.10	95	24.3C	9.3
128.15	95	24.3C	9.3
128.20	94	24.3C	9.3
128.25	94	24.3C	9.3
128.30	94	24.3C	9.3
128.35	91	24.3C	9.3
128.40	90	24.3C	9.3
128.45	87	24.3C	9.3
128.50	86	24.3C	9.3
128.55	88	24.3C	9.3
128.60	87	24.3C	9.3
128.65	86	24.3C	9.3
128.70	84	24.3C	9.3
128.75	87	24.3C	9.3
128.80	85	24.3C	9.3
128.85	85	24.3C	9.3
128.90	83	24.3C	9.3
128.95	80	24.3C	9.3
129.00	80	24.3C	9.3
129.05	79	24.3C	9.3
129.10	80	24.3C	9.3
129.15	79	24.3C	9.3
129.20	76	24.3C	9.3
129.25	76	24.3C	9.3
129.30	73	24.3C	9.3
129.35	69	24.3C	9.3
129.40	64	24.3C	9.3
129.45	63	24.3C	9.3
129.50	60	24.3C	9.3
129.55	59	24.3C	9.3
129.60	59	24.3C	9.3
129.65	56	24.3C	9.3
129.70	59	24.3C	9.3
129.75	59	24.3C	9.3
129.80	61	24.3C	9.3
129.85	59	24.3C	9.3
129.90	58	24.3C	9.3
129.95	55	24.3C	9.3
130.00	54	24.3C	9.3
130.05	52	24.3C	9.3
130.10	50	24.3C	9.3
130.15	47	24.3C	9.3
130.20	46	24.3C	9.3
130.25	44	24.3C	9.3
130.30	42	24.3C	9.3
130.35	41	24.3C	9.3
130.40	41	24.3C	9.3
130.45	42	24.3C	9.3
130.50	44	24.3C	9.3
130.55	45	24.3C	9.3
130.60	46	24.3C	9.3
130.65	46	24.3C	9.3
130.70	45	24.3C	9.3
130.75	43	24.3C	9.3
130.80	42	24.3C	9.3
130.85	40	24.3C	9.3
130.90	39	24.3C	9.3
130.95	37	24.3C	9.3
131.00	35	24.3C	9.3
131.05	35	24.3C	9.3
131.10	34	24.3C	9.3
131.15	32	24.3C	9.3
131.20	34	24.3C	9.3
131.25	32	24.3C	9.3
131.30	30	24.3C	9.3
131.35	29	24.3C	9.3
131.40	25	24.3C	9.3
131.45	24	24.3C	9.3
131.50	23	24.3C	9.3
131.55	24	24.3C	9.3
131.60	21	24.3C	9.3
131.65	20	24.3C	9.3
131.70	19	24.3C	9.3
131.75	17	24.3C	9.3
131.80	17	24.3C	9.3
131.85	16	24.3C	9.3
131.90	15	24.3C	9.3
131.95	14	24.3C	9.3
132.00	13	24.3C	9.3
132.05	11	24.3C	9.3
132.10	12	24.3C	9.3
132.15	14	24.3C	9.3
132.20	11	24.3C	9.3
132.25	10	24.3C	9.3
132.30	9	24.3C	9.3
132.35	10	24.3C	9.3
132.40	9	24.3C	9.3
132.45	8	24.3C	9.3
132.50	7	24.3C	9.3
132.55	6	24.3C	9.3
132.60	4	24.3C	9.3
132.65	3	24.3C	9.3
132.70	1	24.3C	9.3
132.75	1	24.3C	9.3
132.80	0	24.3C	9.3
132.85	1	24.3C	9.3
132.90	-1	24.3C	9.3
132.95	-1	24.3C	9.3
133.00	-1	24.3C	9.3
133.05	-3	24.3C	9.3
133.10	-3	24.3C	9.3
133.15	-3	24.3C	9.3
133.20	-7	24.3C	9.3
133.25	2	24.3C	9.3
133.30	-4	24.3C	9.3
133.35	-3	24.3C	9.3
133.40	-2	24.3C	9.3
133.45	-4	24.3C	9.3
133.50	-3	24.3C	9.3
133.55	-5	24.3C	9.3
133.60	-5	24.3C	9.3
133.65	-4	24.3C	9.3
133.70	-5	24.3C	9.3
133.75	-4	24.3C	9.3
133.80	-6	24.3C	9.3
133.85	-4	24.3C	9.3
133.90	-5	24.3C	9.3
133.95	-5	24.3C	9.3
134.00	-6	24.3C	9.3
134.05	-5	24.3C	9.3
134.10	-4	24.3C	9.3
134.15	-6	24.3C	9.3
134.20	-6	24.3C	9.3
134.25	-7	24.3C	9.3
134.30	-7	24.3C	9.3
134.35	-8	24.3C	9.3
134.40	-6	24.3C	9.3
134.45	-7	24.3C	9.3
134.50	-7	24.3C	9.3
134.55	-6	24.3C	9.3
134.60	-7	24.3C	9.3
134.65	-6	24.3C	9.3
134.70	-6	24.3C	9.3
134.75	-7	24.3C	9.3
134.80	-4	24.3C	9.3
134.85	-5	24.3C	9.3
134.90	-6	24.3C	9.3
134.95	-6	24.3C	9.3
135.00	-7	24.3C	9.3
135.05	-7	24.3C	9.3
135.10	-6	24.3C	9.3
135.15	-5	24.3C	9.3
135.20	-6	24.3C	9.3
135.25	-6	24.3C	9.3
135.30	-6	24.3C	9.3
135.35	-6	24.3C	9.3
135.40	-7	24.3C	9.3
135.45	-6	24.3C	9.3
135.50	-7	24.3C	9.3
135.55	-7	24.3C	9.3
135.60	-7	24.3C	9.3
135.65	-6	24.3C	9.3
135.70	-5	24.3C	9.3
135.75	-6	24.3C	9.3
135.80	-6	24.3C	9.3
135.85	-6	24.3C	9.3
135.90	-5	24.3C	9.3
135.95	-7	24.3C	9.3
136.00	-6	24.3C	9.3
136.05	-6	24.3C	9.3
136.10	-5	24.3C	9.3
136.15	-6	24.3C	9.3
136.20	-7	24.3C	9.3
136.25	-7	24.3C	9.3
136.30	-6	24.3C	9.3
136.35	-8	24.3C	9.3
136.40	-7	24.3C	9.3
136.45	-7	24.3C	9.3
136.50	-8	24.3C	9.3
136.55	-9	24.3C	9.3
136.60	-6	24.3C	9.3
136.65	-7	24.3C	9.3
136.70	-7	24.3C	9.3
136.75	-7	24.3C	9.3
136.80	-6	24.3C	9.3
136.85	-5	24.3C	9.3
136.90	-6	24.3C	9.3
136.95	-7	24.3C	9.3
137.00	-7	24.3C	9.3
137.05	-8	24.3C	9.3
137.10	-7	24.3C	9.3
137.15	-6	24.3C	9.3
137.20	-6	24.3C	9.3
137.25	-6	24.3C	9.3
137.30	-7	24.3C	9.3
137.35	-6	24.3C	9.3
137.40	-7	24.3C	9.3
137.45	-7	24.3C	9.3
137.50	-6	24.3C	9.3
137.55	-7	24.3C	9.3
137.60	-5	24.3C	9.3
137.65	-7	24.3C	9.3
137.70	-7	24.3C	9.3
137.75	-7	24.3C	9.3
137.80	-7	24.3C	9.3
137.85	-6	24.3C	9.3
137.90	-7	24.3C	9.3
137.95	-7	24.3C	9.3
138.00	-6	24.3C	9.3
138.05	-7	24.3C	9.3
138.10	-8	24.3C	9.3
138.15	-6	24.3C	9.3
138.20	-6	24.3C	9.3
138.25	-7	24.3C	9.3
138.30	-7	24.3C	9.3
138.35	-7	24.3C	9.3
138.40	-7	24.3C	9.3
138.45	-7	24.3C	9.3
138.50	-5	24.3C	9.3
138.55	-6	24.3C	9.3
138.60	-7	24.3C	9.3
138.65	-7	24.3C	9.3
138.70	-5	24.3C	9.3
138.75	-5	24.3C	9.3
138.80	-6	24.3C	9.3
138.85	-6	24.3C	9.3
138.90	-4	24.3C	9.3
138.95	-5	24.3C	9.3
139.00	-4	24.3C	9.3
139.05	-6	24.3C	9.3
139.10	-5	24.3C	9.3
139.15	-7	24.3C	9.3
139.20	-6	24.3C	9.3
139.25	-6	24.3C	9.3
139.30	-5	24.3C	9.3
139.35	-7	24.3C	9.3
139.40	-6	24.3C	9.3
139.45	-6	24.3C	9.3
139.50	-5	24.3C	9.3
139.55	-5	24.3C	9.3
139.60	-7	24.3C	9.3
139.65	-7	24.3C	9.3
139.70	-8	24.3C	9.3
139.75	-6	24.3C	9.3
139.80	-7	24.3C	9.3
139.85	-7	24.3C	9.3
139.90	-7	24.3C	9.3
139.95	-7	24.3C	9.3
