0.00	1	76.4F	9.3
0.05	1	76.4F	9.3
0.10	0	76.4F	9.3
0.15	2	76.4F	9.3
0.20	0	76.4F	9.3
0.25	2	76.4F	9.3
0.30	2	76.4F	9.3
0.35	3	76.4F	9.3
0.40	3	76.4F	9.3
0.45	3	76.4F	9.3
0.50	3	76.4F	9.3
0.55	3	76.4F	9.3
0.60	4	76.4F	9.3
0.65	4	76.4F	9.3
0.70	12	76.4F	9.3
0.75	13	76.4F	9.3
0.80	15	76.4F	9.3
0.85	18	76.4F	9.3
0.90	23	76.4F	9.3
0.95	33	76.4F	9.3
1.00	44	76.4F	9.3
1.05	59	76.4F	9.3
1.10	77	76.4F	9.3
1.15	86	76.4F	9.3
1.20	87	76.4F	9.3
1.25	96	76.4F	9.3
1.30	112	76.4F	9.3
1.35	139	76.4F	9.3
1.40	188	76.4F	9.3
1.45	228	76.4F	9.3
1.50	252	76.4F	9.3
1.55	257	76.4F	9.3
1.60	251	76.4F	9.3
1.65	259	76.4F	9.3
1.70	273	76.4F	9.3
1.75	306	76.4F	9.3
1.80	337	76.4F	9.3
1.85	363	76.4F	9.3
1.90	384	76.4F	9.3
1.95	390	76.4F	9.3
2.00	400	76.4F	9.3
2.05	419	76.4F	9.3
2.10	446	76.3F	9.3
2.15	472	76.3F	9.3
2.20	504	76.3F	9.3
2.25	530	76.4F	9.3
2.30	555	76.3F	9.3
2.35	573	76.3F	9.3
2.40	598	76.3F	9.3
2.45	627	76.3F	9.3
2.50	661	76.3F	9.3
2.55	694	76.3F	9.3
2.60	728	76.3F	9.3
2.65	760	76.3F	9.3
2.70	788	76.3F	9.3
2.75	810	76.3F	9.3
2.80	832	76.3F	9.3
2.85	860	76.3F	9.3
2.90	887	76.3F	9.3
2.95	907	76.3F	9.3
3.00	933	76.3F	9.3
3.05	965	76.3F	9.3
3.10	993	76.3F	9.3
3.15	1024	76.3F	9.3
3.20	1042	76.3F	9.3
3.25	1061	76.3F	9.3
3.30	1089	76.3F	9.3
3.35	1122	76.3F	9.3
3.40	1157	76.3F	9.3
3.45	1182	76.3F	9.3
3.50	1198	76.3F	9.3
3.55	1221	76.3F	9.3
3.60	1252	76.3F	9.3
3.65	1281	76.3F	9.3
3.70	1311	76.3F	9.3
3.75	1320	76.3F	9.3
3.80	1345	76.3F	9.3
3.85	1383	76.3F	9.3
3.90	1415	76.3F	9.3
3.95	1437	76.3F	9.3
4.00	1457	76.3F	9.3
4.05	1478	76.3F	9.3
4.10	1510	76.3F	9.3
4.15	1534	76.2F	9.3
4.20	1560	76.2F	9.3
4.25	1586	76.2F	9.3
4.30	1620	76.2F	9.3
4.35	1654	76.2F	9.3
4.40	1681	76.2F	9.3
4.45	1699	76.2F	9.3
4.50	1714	76.2F	9.3
4.55	1737	76.2F	9.3
4.60	1764	76.2F	9.3
4.65	1794	76.2F	9.3
4.70	1820	76.2F	9.3
4.75	1841	76.2F	9.3
4.80	1861	76.2F	9.3
4.85	1885	76.2F	9.3
4.90	1906	76.2F	9.3
4.95	1929	76.2F	9.3
5.00	1958	76.2F	9.3
5.05	1981	76.2F	9.3
5.10	2000	76.2F	9.3
5.15	2022	76.2F	9.3
5.20	2042	76.2F	9.3
5.25	2066	76.2F	9.3
5.30	2091	76.2F	9.3
5.35	2114	76.2F	9.3
5.40	2136	76.2F	9.3
5.45	2159	76.2F	9.3
5.50	2178	76.2F	9.3
5.55	2201	76.2F	9.3
5.60	2220	76.2F	9.3
5.65	2241	76.2F	9.3
5.70	2260	76.2F	9.3
5.75	2282	76.2F	9.3
5.80	2304	76.2F	9.3
5.85	2324	76.2F	9.3
5.90	2345	76.1F	9.3
5.95	2369	76.1F	9.3
6.00	2390	76.1F	9.3
6.05	2408	76.1F	9.3
6.10	2427	76.2F	9.3
6.15	2450	76.1F	9.3
6.20	2468	76.1F	9.3
6.25	2487	76.1F	9.3
6.30	2507	76.1F	9.3
6.35	2528	76.1F	9.3
6.40	2548	76.1F	9.3
6.45	2570	76.1F	9.3
6.50	2586	76.1F	9.3
6.55	2605	76.1F	9.3
6.60	2623	76.1F	9.3
6.65	2643	76.1F	9.3
6.70	2659	76.1F	9.3
6.75	2677	76.1F	9.3
6.80	2695	76.1F	9.3
6.85	2714	76.1F	9.3
6.90	2730	76.1F	9.3
6.95	2748	76.1F	9.3
7.00	2770	76.1F	9.3
7.05	2786	76.1F	9.3
7.10	2804	76.1F	9.3
7.15	2820	76.1F	9.3
7.20	2836	76.1F	9.3
7.25	2852	76.1F	9.3
7.30	2871	76.1F	9.3
7.35	2889	76.1F	9.3
7.40	2907	76.1F	9.3
7.45	2923	76.1F	9.3
7.50	2937	76.1F	9.3
7.55	2953	76.1F	9.3
7.60	2972	76.1F	9.3
7.65	2987	76.1F	9.3
7.70	3004	76.1F	9.3
7.75	3019	76.1F	9.3
7.80	3036	76.1F	9.3
7.85	3052	76.1F	9.3
7.90	3067	76.1F	9.3
7.95	3083	76.1F	9.3
8.00	3099	76.1F	9.3
8.05	3114	76.1F	9.3
8.10	3131	76.1F	9.3
8.15	3146	76.1F	9.3
8.20	3161	76.1F	9.3
8.25	3174	76.1F	9.3
8.30	3189	76.1F	9.3
8.35	3205	76.1F	9.3
8.40	3218	76.1F	9.3
8.45	3234	76.1F	9.3
8.50	3248	76.1F	9.3
8.55	3263	76.1F	9.3
8.60	3277	76.1F	9.3
8.65	3295	76.1F	9.3
8.70	3305	76.1F	9.3
8.75	3320	76.1F	9.3
8.80	3333	76.1F	9.3
8.85	3348	76.1F	9.3
8.90	3363	76.1F	9.3
8.95	3374	76.1F	9.3
9.00	3388	76.1F	9.3
9.05	3401	76.1F	9.3
9.10	3415	76.1F	9.3
9.15	3426	76.1F	9.3
9.20	3440	76.1F	9.3
9.25	3453	76.1F	9.3
9.30	3467	76.1F	9.3
9.35	3479	76.0F	9.3
9.40	3492	76.0F	9.3
9.45	3506	76.1F	9.3
9.50	3519	76.0F	9.3
9.55	3529	76.1F	9.3
9.60	3543	76.1F	9.3
9.65	3555	76.1F	9.3
9.70	3566	76.1F	9.3
9.75	3579	76.1F	9.3
9.80	3591	76.0F	9.3
9.85	3604	76.0F	9.3
9.90	3616	76.0F	9.3
9.95	3628	76.0F	9.3
10.00	3637	76.1F	9.3
10.05	3650	76.0F	9.3
10.10	3659	76.1F	9.3
10.15	3671	76.0F	9.3
10.20	3681	76.1F	9.3
10.25	3694	76.0F	9.3
10.30	3705	76.0F	9.3
10.35	3715	76.0F	9.3
10.40	3726	76.0F	9.3
10.45	3736	76.0F	9.3
10.50	3747	76.0F	9.3
10.55	3758	76.0F	9.3
10.60	3769	76.0F	9.3
10.65	3778	76.0F	9.3
10.70	3788	76.0F	9.3
10.75	3798	76.0F	9.3
10.80	3809	76.0F	9.3
10.85	3817	76.0F	9.3
10.90	3827	76.0F	9.3
10.95	3835	76.1F	9.3
11.00	3846	76.1F	9.3
11.05	3856	76.0F	9.3
11.10	3865	76.1F	9.3
11.15	3874	76.0F	9.3
11.20	3883	76.0F	9.3
11.25	3893	76.0F	9.3
11.30	3903	76.0F	9.3
11.35	3912	76.0F	9.3
11.40	3920	76.0F	9.3
11.45	3928	76.0F	9.3
11.50	3936	76.1F	9.3
11.55	3944	76.1F	9.3
11.60	3953	76.0F	9.3
11.65	3962	76.1F	9.3
11.70	3971	76.1F	9.3
11.75	3979	76.0F	9.3
11.80	3989	76.0F	9.3
11.85	3995	76.1F	9.3
11.90	4004	76.1F	9.3
11.95	4012	76.1F	9.3
12.00	4020	76.0F	9.3
12.05	4028	76.1F	9.3
12.10	4036	76.1F	9.3
12.15	4043	76.1F	9.3
12.20	4050	76.1F	9.3
12.25	4057	76.1F	9.3
12.30	4065	76.1F	9.3
12.35	4071	76.1F	9.3
12.40	4079	76.1F	9.3
12.45	4086	76.1F	9.3
12.50	4094	76.1F	9.3
12.55	4100	76.1F	9.3
12.60	4107	76.1F	9.3
12.65	4113	76.1F	9.3
12.70	4121	76.1F	9.3
12.75	4126	76.1F	9.3
12.80	4133	76.1F	9.3
12.85	4140	76.1F	9.3
12.90	4146	76.1F	9.3
12.95	4154	76.1F	9.3
13.00	4160	76.1F	9.3
13.05	4164	76.1F	9.3
13.10	4171	76.1F	9.3
13.15	4176	76.1F	9.3
13.20	4182	76.1F	9.3
13.25	4189	76.1F	9.3
13.30	4195	76.1F	9.3
13.35	4200	76.1F	9.3
13.40	4205	76.1F	9.3
13.45	4211	76.1F	9.3
13.50	4216	76.1F	9.3
13.55	4220	76.1F	9.3
13.60	4226	76.1F	9.3
13.65	4230	76.1F	9.3
13.70	4236	76.1F	9.3
13.75	4241	76.1F	9.3
13.80	4247	76.1F	9.3
13.85	4250	76.1F	9.3
13.90	4256	76.1F	9.3
13.95	4260	76.1F	9.3
14.00	4264	76.1F	9.3
14.05	4269	76.1F	9.3
14.10	4272	76.1F	9.3
14.15	4277	76.1F	9.3
14.20	4282	76.1F	9.3
14.25	4286	76.1F	9.3
14.30	4290	76.1F	9.3
14.35	4293	76.1F	9.3
14.40	4299	76.1F	9.3
14.45	4303	76.1F	9.3
14.50	4305	76.1F	9.3
14.55	4309	76.1F	9.3
14.60	4314	76.1F	9.3
14.65	4317	76.1F	9.3
14.70	4322	76.1F	9.3
14.75	4324	76.1F	9.3
14.80	4329	76.1F	9.3
14.85	4329	76.1F	9.3
14.90	4333	76.1F	9.3
14.95	4336	76.1F	9.3
15.00	4340	76.1F	9.3
15.05	4344	76.1F	9.3
15.10	4347	76.1F	9.3
15.15	4349	76.1F	9.3
15.20	4350	76.1F	9.3
15.25	4354	76.1F	9.3
15.30	4356	76.1F	9.3
15.35	4360	76.1F	9.3
15.40	4362	76.1F	9.3
15.45	4364	76.1F	9.3
15.50	4366	76.1F	9.3
15.55	4367	76.1F	9.3
15.60	4370	76.1F	9.3
15.65	4372	76.1F	9.3
15.70	4374	76.1F	9.3
15.75	4376	76.1F	9.3
15.80	4377	76.1F	9.3
15.85	4378	76.1F	9.3
15.90	4380	76.1F	9.3
15.95	4382	76.1F	9.3
16.00	4383	76.1F	9.3
16.05	4386	76.1F	9.3
16.10	4385	76.1F	9.3
16.15	4388	76.1F	9.3
16.20	4388	76.1F	9.3
16.25	4390	76.1F	9.3
16.30	4391	76.1F	9.3
16.35	4393	76.1F	9.3
16.40	4392	76.1F	9.3
16.45	4393	76.1F	9.3
16.50	4393	76.1F	9.3
16.55	4394	76.1F	9.3
16.60	4393	76.1F	9.3
16.65	4400	76.1F	9.3
16.70	4398	76.1F	9.3
16.75	4396	76.1F	9.3
16.80	4397	76.1F	9.3
16.85	4401	76.1F	9.3
16.90	4405	76.1F	9.3
16.95	4406	76.1F	9.3
17.00	4404	76.1F	9.3
17.05	4404	76.1F	9.3
17.10	4401	76.1F	9.3
17.15	4401	76.1F	9.3
17.20	4402	76.1F	9.3
17.25	4403	76.1F	9.3
17.30	4401	76.1F	9.3
17.35	4401	76.1F	9.3
17.40	4401	76.1F	9.3
17.45	4398	76.1F	9.3
17.50	4399	76.1F	9.3
17.55	4401	76.1F	9.3
17.60	4404	76.1F	9.3
17.65	4398	76.1F	9.3
17.70	4401	76.1F	9.3
17.75	4401	76.1F	9.3
17.80	4390	76.1F	9.3
17.85	4394	76.1F	9.3
17.90	4394	76.1F	9.3
17.95	4392	76.1F	9.3
18.00	4392	76.1F	9.3
18.05	4392	76.1F	9.3
18.10	4385	76.1F	9.3
18.15	4382	76.1F	9.3
18.20	4373	76.1F	9.3
18.25	4372	76.1F	9.3
18.30	4373	76.1F	9.3
18.35	4382	76.1F	9.3
18.40	4387	76.1F	9.3
18.45	4372	76.1F	9.3
18.50	4388	76.1F	9.3
18.55	4369	76.1F	9.3
18.60	4372	76.1F	9.3
18.65	4367	76.2F	9.3
18.70	4361	76.1F	9.3
18.75	4359	76.1F	9.3
18.80	4358	76.2F	9.3
18.85	4358	76.1F	9.3
18.90	4358	76.1F	9.3
18.95	4359	76.1F	9.3
19.00	4346	76.1F	9.3
19.05	4334	76.1F	9.3
19.10	4329	76.1F	9.3
19.15	4332	76.1F	9.3
19.20	4333	76.1F	9.3
19.25	4333	76.1F	9.3
19.30	4333	76.1F	9.3
19.35	4328	76.1F	9.3
19.40	4332	76.1F	9.3
19.45	4341	76.1F	9.3
19.50	4341	76.1F	9.3
19.55	4341	76.2F	9.3
19.60	4337	76.2F	9.3
19.65	4314	76.2F	9.3
19.70	4280	76.1F	9.3
19.75	4274	76.1F	9.3
19.80	4293	76.2F	9.3
19.85	4319	76.2F	9.3
19.90	4334	76.1F	9.3
19.95	4331	76.1F	9.3
20.00	4323	76.2F	9.3
20.05	4318	76.2F	9.3
20.10	4305	76.2F	9.3
20.15	4304	76.2F	9.3
20.20	4305	76.1F	9.3
20.25	4295	76.1F	9.3
20.30	4278	76.1F	9.3
20.35	4265	76.1F	9.3
20.40	4256	76.2F	9.3
20.45	4253	76.2F	9.3
20.50	4252	76.2F	9.3
20.55	4243	76.2F	9.3
20.60	4232	76.1F	9.3
20.65	4225	76.2F	9.3
20.70	4223	76.2F	9.3
20.75	4222	76.2F	9.3
20.80	4226	76.1F	9.3
20.85	4229	76.2F	9.3
20.90	4234	76.2F	9.3
20.95	4233	76.2F	9.3
21.00	4226	76.2F	9.3
21.05	4213	76.2F	9.3
21.10	4202	76.1F	9.3
21.15	4230	76.2F	9.3
21.20	4273	76.1F	9.3
21.25	4262	76.2F	9.3
21.30	4257	76.2F	9.3
21.35	4260	76.2F	9.3
21.40	4254	76.2F	9.3
21.45	4267	76.2F	9.3
21.50	4223	76.2F	9.3
21.55	4200	76.2F	9.3
21.60	4222	76.2F	9.3
21.65	4240	76.2F	9.3
21.70	4238	76.2F	9.3
21.75	4238	76.2F	9.3
21.80	4240	76.2F	9.3
21.85	4230	76.2F	9.3
21.90	4223	76.2F	9.3
21.95	4217	76.2F	9.3
22.00	4215	76.2F	9.3
22.05	4205	76.2F	9.3
22.10	4200	76.2F	9.3
22.15	4199	76.2F	9.3
22.20	4194	76.2F	9.3
22.25	4180	76.2F	9.3
22.30	4158	76.2F	9.3
22.35	4146	76.2F	9.3
22.40	4153	76.2F	9.3
22.45	4175	76.2F	9.3
22.50	4200	76.2F	9.3
22.55	4209	76.2F	9.3
22.60	4202	76.2F	9.3
22.65	4198	76.2F	9.3
22.70	4201	76.2F	9.3
22.75	4201	76.2F	9.3
22.80	4189	76.2F	9.3
22.85	4184	76.2F	9.3
22.90	4188	76.2F	9.3
22.95	4136	76.2F	9.3
23.00	4122	76.2F	9.3
23.05	4164	76.2F	9.3
23.10	4187	76.2F	9.3
23.15	4185	76.2F	9.3
23.20	4181	76.2F	9.3
23.25	4174	76.2F	9.3
23.30	4171	76.2F	9.3
23.35	4168	76.2F	9.3
23.40	4163	76.2F	9.3
23.45	4141	76.2F	9.3
23.50	4144	76.2F	9.3
23.55	4141	76.2F	9.3
23.60	4137	76.2F	9.3
23.65	4144	76.2F	9.3
23.70	4141	76.2F	9.3
23.75	4144	76.2F	9.3
23.80	4161	76.2F	9.3
23.85	4158	76.2F	9.3
23.90	4150	76.2F	9.3
23.95	4119	76.2F	9.3
24.00	4121	76.2F	9.3
24.05	4136	76.2F	9.3
24.10	4133	76.2F	9.3
24.15	4119	76.2F	9.3
24.20	4112	76.2F	9.3
24.25	4096	76.2F	9.3
24.30	4099	76.2F	9.3
24.35	4082	76.2F	9.3
24.40	4081	76.2F	9.3
24.45	4078	76.2F	9.3
24.50	4073	76.2F	9.3
24.55	4049	76.2F	9.3
24.60	4055	76.2F	9.3
24.65	4095	76.2F	9.3
24.70	4093	76.2F	9.3
24.75	4095	76.2F	9.3
24.80	4088	76.2F	9.3
24.85	4086	76.2F	9.3
24.90	4080	76.2F	9.3
24.95	4085	76.2F	9.3
25.00	4078	76.2F	9.3
25.05	4085	76.2F	9.3
25.10	4090	76.2F	9.3
25.15	4081	76.2F	9.3
25.20	4067	76.2F	9.3
25.25	4077	76.2F	9.3
25.30	4064	76.2F	9.3
25.35	4021	76.2F	9.3
25.40	4004	76.2F	9.3
25.45	4012	76.2F	9.3
25.50	4036	76.2F	9.3
25.55	4039	76.2F	9.3
25.60	4026	76.2F	9.3
25.65	4006	76.2F	9.3
25.70	4006	76.2F	9.3
25.75	4020	76.2F	9.3
25.80	4022	76.2F	9.3
25.85	4014	76.2F	9.3
25.90	4008	76.2F	9.3
25.95	4005	76.2F	9.3
26.00	4003	76.2F	9.3
26.05	3992	76.2F	9.3
26.10	3971	76.2F	9.3
26.15	3953	76.2F	9.3
26.20	3951	76.2F	9.3
26.25	3965	76.2F	9.3
26.30	3982	76.2F	9.3
26.35	3991	76.2F	9.3
26.40	3988	76.2F	9.3
26.45	3961	76.2F	9.3
26.50	3941	76.2F	9.3
26.55	3959	76.2F	9.3
26.60	4007	76.2F	9.3
26.65	4017	76.2F	9.3
26.70	3997	76.2F	9.3
26.75	3991	76.2F	9.3
26.80	3990	76.2F	9.3
26.85	3993	76.2F	9.3
26.90	3991	76.2F	9.3
26.95	3996	76.2F	9.3
27.00	3975	76.2F	9.3
27.05	3928	76.2F	9.3
27.10	3919	76.2F	9.3
27.15	3935	76.2F	9.3
27.20	3954	76.2F	9.3
27.25	3969	76.2F	9.3
27.30	3980	76.2F	9.3
27.35	3965	76.2F	9.3
27.40	3950	76.2F	9.3
27.45	3909	76.2F	9.3
27.50	3892	76.2F	9.3
27.55	3935	76.2F	9.3
27.60	3956	76.2F	9.3
27.65	3954	76.2F	9.3
27.70	3948	76.2F	9.3
27.75	3943	76.2F	9.3
27.80	3930	76.2F	9.3
27.85	3921	76.2F	9.3
27.90	3918	76.2F	9.3
27.95	3914	76.2F	9.3
28.00	3922	76.2F	9.3
28.05	3909	76.2F	9.3
28.10	3895	76.2F	9.3
28.15	3889	76.2F	9.3
28.20	3893	76.2F	9.3
28.25	3902	76.2F	9.3
28.30	3922	76.2F	9.3
28.35	3923	76.2F	9.3
28.40	3907	76.2F	9.3
28.45	3904	76.2F	9.3
28.50	3908	76.2F	9.3
28.55	3932	76.2F	9.3
28.60	3909	76.2F	9.3
28.65	3907	76.2F	9.3
28.70	3864	76.2F	9.3
28.75	3830	76.2F	9.3
28.80	3831	76.2F	9.3
28.85	3844	76.2F	9.3
28.90	3845	76.2F	9.3
28.95	3840	76.2F	9.3
29.00	3836	76.2F	9.3
29.05	3834	76.2F	9.3
29.10	3837	76.2F	9.3
29.15	3845	76.2F	9.3
29.20	3857	76.2F	9.3
29.25	3864	76.2F	9.3
29.30	3862	76.2F	9.3
29.35	3865	76.2F	9.3
29.40	3865	76.2F	9.3
29.45	3867	76.2F	9.3
29.50	3864	76.2F	9.3
29.55	3858	76.2F	9.3
29.60	3849	76.2F	9.3
29.65	3837	76.2F	9.3
29.70	3817	76.2F	9.3
29.75	3796	76.2F	9.3
29.80	3784	76.2F	9.3
29.85	3789	76.2F	9.3
29.90	3801	76.2F	9.3
29.95	3811	76.2F	9.3
30.00	3816	76.2F	9.3
30.05	3813	76.2F	9.3
30.10	3806	76.2F	9.3
30.15	3802	76.2F	9.3
30.20	3793	76.2F	9.3
30.25	3784	76.2F	9.3
30.30	3774	76.2F	9.3
30.35	3769	76.2F	9.3
30.40	3761	76.2F	9.3
30.45	3758	76.2F	9.3
30.50	3756	76.2F	9.3
30.55	3759	76.2F	9.3
30.60	3769	76.2F	9.3
30.65	3779	76.2F	9.3
30.70	3786	76.2F	9.3
30.75	3794	76.2F	9.3
30.80	3790	76.2F	9.3
30.85	3783	76.2F	9.3
30.90	3772	76.2F	9.3
30.95	3761	76.2F	9.3
31.00	3754	76.2F	9.3
31.05	3750	76.2F	9.3
31.10	3746	76.2F	9.3
31.15	3743	76.2F	9.3
31.20	3739	76.2F	9.3
31.25	3734	76.2F	9.3
31.30	3727	76.2F	9.3
31.35	3723	76.2F	9.3
31.40	3722	76.2F	9.3
31.45	3721	76.2F	9.3
31.50	3720	76.2F	9.3
31.55	3715	76.2F	9.3
31.60	3711	76.2F	9.3
31.65	3707	76.2F	9.3
31.70	3704	76.2F	9.3
31.75	3702	76.2F	9.3
31.80	3699	76.2F	9.3
31.85	3701	76.2F	9.3
31.90	3701	76.2F	9.3
31.95	3702	76.2F	9.3
32.00	3705	76.2F	9.3
32.05	3709	76.2F	9.3
32.10	3715	76.2F	9.3
32.15	3726	76.2F	9.3
32.20	3728	76.2F	9.3
32.25	3727	76.2F	9.3
32.30	3726	76.2F	9.3
32.35	3725	76.2F	9.3
32.40	3720	76.2F	9.3
32.45	3714	76.2F	9.3
32.50	3714	76.2F	9.3
32.55	3711	76.2F	9.3
32.60	3709	76.2F	9.3
32.65	3706	76.2F	9.3
32.70	3704	76.2F	9.3
32.75	3700	76.2F	9.3
32.80	3675	76.2F	9.3
32.85	3653	76.2F	9.3
32.90	3644	76.2F	9.3
32.95	3655	76.2F	9.3
33.00	3668	76.2F	9.3
33.05	3676	76.2F	9.3
33.10	3678	76.2F	9.3
33.15	3674	76.2F	9.3
33.20	3668	76.2F	9.3
33.25	3656	76.2F	9.3
33.30	3646	76.2F	9.3
33.35	3636	76.2F	9.3
33.40	3636	76.2F	9.3
33.45	3652	76.2F	9.3
33.50	3671	76.2F	9.3
33.55	3675	76.2F	9.3
33.60	3662	76.2F	9.3
33.65	3653	76.2F	9.3
33.70	3652	76.2F	9.3
33.75	3648	76.2F	9.3
33.80	3648	76.2F	9.3
33.85	3645	76.2F	9.3
33.90	3641	76.2F	9.3
33.95	3638	76.2F	9.3
34.00	3633	76.2F	9.3
34.05	3636	76.2F	9.3
34.10	3634	76.2F	9.3
34.15	3623	76.2F	9.3
34.20	3610	76.2F	9.3
34.25	3607	76.2F	9.3
34.30	3609	76.2F	9.3
34.35	3617	76.2F	9.3
34.40	3620	76.2F	9.3
34.45	3618	76.2F	9.3
34.50	3623	76.2F	9.3
34.55	3624	76.2F	9.3
34.60	3618	76.2F	9.3
34.65	3609	76.2F	9.3
34.70	3600	76.2F	9.3
34.75	3588	76.2F	9.3
34.80	3576	76.2F	9.3
34.85	3569	76.2F	9.3
34.90	3567	76.2F	9.3
34.95	3572	76.2F	9.3
35.00	3584	76.2F	9.3
35.05	3589	76.2F	9.3
35.10	3586	76.2F	9.3
35.15	3583	76.2F	9.3
35.20	3573	76.2F	9.3
35.25	3560	76.2F	9.3
35.30	3547	76.2F	9.3
35.35	3545	76.2F	9.3
35.40	3545	76.2F	9.3
35.45	3542	76.2F	9.3
35.50	3537	76.2F	9.3
35.55	3534	76.2F	9.3
35.60	3529	76.2F	9.3
35.65	3528	76.2F	9.3
35.70	3525	76.2F	9.3
35.75	3524	76.2F	9.3
35.80	3519	76.2F	9.3
35.85	3519	76.2F	9.3
35.90	3522	76.2F	9.3
35.95	3525	76.2F	9.3
36.00	3535	76.2F	9.3
36.05	3540	76.2F	9.3
36.10	3548	76.2F	9.3
36.15	3548	76.2F	9.3
36.20	3540	76.2F	9.3
36.25	3531	76.2F	9.3
36.30	3513	76.2F	9.3
36.35	3493	76.2F	9.3
36.40	3478	76.2F	9.3
36.45	3473	76.2F	9.3
36.50	3475	76.2F	9.3
36.55	3476	76.2F	9.3
36.60	3477	76.2F	9.3
36.65	3475	76.2F	9.3
36.70	3473	76.2F	9.3
36.75	3467	76.2F	9.3
36.80	3464	76.2F	9.3
36.85	3462	76.2F	9.3
36.90	3467	76.2F	9.3
36.95	3476	76.2F	9.3
37.00	3482	76.2F	9.3
37.05	3486	76.2F	9.3
37.10	3488	76.2F	9.3
37.15	3490	76.2F	9.3
37.20	3486	76.2F	9.3
37.25	3479	76.2F	9.3
37.30	3473	76.2F	9.3
37.35	3463	76.2F	9.3
37.40	3455	76.2F	9.3
37.45	3454	76.2F	9.3
37.50	3461	76.2F	9.3
37.55	3474	76.2F	9.3
37.60	3476	76.2F	9.3
37.65	3479	76.2F	9.3
37.70	3492	76.2F	9.3
37.75	3479	76.2F	9.3
37.80	3444	76.2F	9.3
37.85	3406	76.2F	9.3
37.90	3406	76.2F	9.3
37.95	3422	76.2F	9.3
38.00	3420	76.2F	9.3
38.05	3402	76.2F	9.3
38.10	3408	76.2F	9.3
38.15	3436	76.2F	9.3
38.20	3431	76.2F	9.3
38.25	3422	76.2F	9.3
38.30	3419	76.2F	9.3
38.35	3416	76.2F	9.3
38.40	3411	76.2F	9.3
38.45	3407	76.2F	9.3
38.50	3417	76.2F	9.3
38.55	3439	76.2F	9.3
38.60	3417	76.2F	9.3
38.65	3410	76.2F	9.3
38.70	3417	76.2F	9.3
38.75	3405	76.2F	9.3
38.80	3407	76.2F	9.3
38.85	3400	76.2F	9.3
38.90	3410	76.2F	9.3
38.95	3401	76.2F	9.3
39.00	3405	76.2F	9.3
39.05	3364	76.2F	9.3
39.10	3345	76.2F	9.3
39.15	3359	76.2F	9.3
39.20	3383	76.2F	9.3
39.25	3390	76.2F	9.3
39.30	3392	76.2F	9.3
39.35	3388	76.2F	9.3
39.40	3377	76.2F	9.3
39.45	3367	76.2F	9.3
39.50	3366	76.2F	9.3
39.55	3361	76.2F	9.3
39.60	3359	76.2F	9.3
39.65	3365	76.2F	9.3
39.70	3359	76.2F	9.3
39.75	3358	76.2F	9.3
39.80	3361	76.2F	9.3
39.85	3355	76.2F	9.3
39.90	3343	76.2F	9.3
39.95	3332	76.2F	9.3
40.00	3323	76.2F	9.3
40.05	3321	76.2F	9.3
40.10	3322	76.2F	9.3
40.15	3325	76.2F	9.3
40.20	3321	76.2F	9.3
40.25	3319	76.2F	9.3
40.30	3318	76.2F	9.3
40.35	3321	76.2F	9.3
40.40	3321	76.2F	9.3
40.45	3324	76.2F	9.3
40.50	3329	76.2F	9.3
40.55	3319	76.2F	9.3
40.60	3298	76.2F	9.3
40.65	3283	76.2F	9.3
40.70	3273	76.2F	9.3
40.75	3272	76.2F	9.3
40.80	3273	76.2F	9.3
40.85	3275	76.2F	9.3
40.90	3275	76.2F	9.3
40.95	3271	76.2F	9.3
41.00	3267	76.2F	9.3
41.05	3261	76.2F	9.3
41.10	3260	76.2F	9.3
41.15	3256	76.2F	9.3
41.20	3258	76.2F	9.3
41.25	3258	76.2F	9.3
41.30	3257	76.2F	9.3
41.35	3257	76.2F	9.3
41.40	3258	76.2F	9.3
41.45	3259	76.2F	9.3
41.50	3261	76.2F	9.3
41.55	3257	76.2F	9.3
41.60	3255	76.2F	9.3
41.65	3253	76.2F	9.3
41.70	3251	76.2F	9.3
41.75	3247	76.2F	9.3
41.80	3245	76.2F	9.3
41.85	3243	76.2F	9.3
41.90	3239	76.2F	9.3
41.95	3234	76.2F	9.3
42.00	3231	76.2F	9.3
42.05	3225	76.2F	9.3
42.10	3222	76.2F	9.3
42.15	3223	76.2F	9.3
42.20	3222	76.2F	9.3
42.25	3222	76.2F	9.3
42.30	3217	76.2F	9.3
42.35	3209	76.2F	9.3
42.40	3197	76.2F	9.3
42.45	3193	76.2F	9.3
42.50	3187	76.2F	9.3
42.55	3183	76.2F	9.3
42.60	3181	76.2F	9.3
42.65	3180	76.2F	9.3
42.70	3184	76.2F	9.3
42.75	3186	76.2F	9.3
42.80	3186	76.2F	9.3
42.85	3186	76.2F	9.3
42.90	3185	76.2F	9.3
42.95	3185	76.2F	9.3
43.00	3179	76.2F	9.3
43.05	3172	76.2F	9.3
43.10	3168	76.2F	9.3
43.15	3164	76.2F	9.3
43.20	3164	76.2F	9.3
43.25	3166	76.2F	9.3
43.30	3166	76.2F	9.3
43.35	3165	76.2F	9.3
43.40	3159	76.2F	9.3
43.45	3154	76.2F	9.3
43.50	3154	76.2F	9.3
43.55	3152	76.2F	9.3
43.60	3152	76.2F	9.3
43.65	3151	76.2F	9.3
43.70	3149	76.2F	9.3
43.75	3146	76.2F	9.3
43.80	3146	76.2F	9.3
43.85	3144	76.2F	9.3
43.90	3142	76.2F	9.3
43.95	3141	76.2F	9.3
44.00	3142	76.2F	9.3
44.05	3133	76.2F	9.3
44.10	3142	76.2F	9.3
44.15	3142	76.2F	9.3
44.20	3134	76.2F	9.3
44.25	3128	76.2F	9.3
44.30	3122	76.2F	9.3
44.35	3116	76.2F	9.3
44.40	3114	76.2F	9.3
44.45	3110	76.2F	9.3
44.50	3106	76.2F	9.3
44.55	3102	76.2F	9.3
44.60	3099	76.2F	9.3
44.65	3094	76.2F	9.3
44.70	3090	76.2F	9.3
44.75	3087	76.2F	9.3
44.80	3086	76.2F	9.3
44.85	3087	76.2F	9.3
44.90	3095	76.2F	9.3
44.95	3099	76.2F	9.3
45.00	3096	76.2F	9.3
45.05	3092	76.2F	9.3
45.10	3083	76.2F	9.3
45.15	3072	76.2F	9.3
45.20	3058	76.2F	9.3
45.25	3054	76.2F	9.3
45.30	3050	76.2F	9.3
45.35	3047	76.2F	9.3
45.40	3044	76.2F	9.3
45.45	3044	76.2F	9.3
45.50	3043	76.2F	9.3
45.55	3039	76.2F	9.3
45.60	3037	76.2F	9.3
45.65	3031	76.1F	9.3
45.70	3025	76.2F	9.3
45.75	3022	76.2F	9.3
45.80	3020	76.2F	9.3
45.85	3020	76.2F	9.3
45.90	3018	76.2F	9.3
45.95	3015	76.2F	9.3
46.00	3010	76.2F	9.3
46.05	3008	76.2F	9.3
46.10	3006	76.2F	9.3
46.15	3007	76.2F	9.3
46.20	3011	76.2F	9.3
46.25	3014	76.2F	9.3
46.30	3015	76.2F	9.3
46.35	3009	76.2F	9.3
46.40	3002	76.2F	9.3
46.45	2993	76.2F	9.3
46.50	2985	76.2F	9.3
46.55	2981	76.2F	9.3
46.60	2981	76.2F	9.3
46.65	2983	76.2F	9.3
46.70	2985	76.2F	9.3
46.75	2980	76.2F	9.3
46.80	2979	76.2F	9.3
46.85	2975	76.2F	9.3
46.90	2973	76.2F	9.3
46.95	2976	76.2F	9.3
47.00	2978	76.2F	9.3
47.05	2981	76.2F	9.3
47.10	2982	76.2F	9.3
47.15	2977	76.2F	9.3
47.20	2973	76.2F	9.3
47.25	2964	76.2F	9.3
47.30	2956	76.2F	9.3
47.35	2947	76.2F	9.3
47.40	2937	76.2F	9.3
47.45	2934	76.2F	9.3
47.50	2931	76.2F	9.3
47.55	2929	76.2F	9.3
47.60	2926	76.2F	9.3
47.65	2927	76.2F	9.3
47.70	2927	76.2F	9.3
47.75	2924	76.2F	9.3
47.80	2921	76.2F	9.3
47.85	2920	76.2F	9.3
47.90	2919	76.2F	9.3
47.95	2915	76.2F	9.3
48.00	2909	76.2F	9.3
48.05	2908	76.2F	9.3
48.10	2906	76.2F	9.3
48.15	2903	76.2F	9.3
48.20	2900	76.1F	9.3
48.25	2895	76.2F	9.3
48.30	2891	76.2F	9.3
48.35	2888	76.2F	9.3
48.40	2883	76.2F	9.3
48.45	2881	76.2F	9.3
48.50	2880	76.2F	9.3
48.55	2879	76.1F	9.3
48.60	2879	76.2F	9.3
48.65	2878	76.2F	9.3
48.70	2877	76.2F	9.3
48.75	2879	76.2F	9.3
48.80	2880	76.2F	9.3
48.85	2883	76.2F	9.3
48.90	2892	76.2F	9.3
48.95	2899	76.2F	9.3
49.00	2904	76.2F	9.3
49.05	2904	76.2F	9.3
49.10	2901	76.2F	9.3
49.15	2900	76.2F	9.3
49.20	2907	76.2F	9.3
49.25	2897	76.2F	9.3
49.30	2893	76.2F	9.3
49.35	2894	76.2F	9.3
49.40	2891	76.2F	9.3
49.45	2889	76.2F	9.3
49.50	2875	76.2F	9.3
49.55	2880	76.2F	9.3
49.60	2881	76.2F	9.3
49.65	2869	76.2F	9.3
49.70	2868	76.2F	9.3
49.75	2870	76.2F	9.3
49.80	2865	76.2F	9.3
49.85	2860	76.2F	9.3
49.90	2854	76.2F	9.3
49.95	2838	76.2F	9.3
50.00	2840	76.2F	9.3
50.05	2840	76.2F	9.3
50.10	2837	76.2F	9.3
50.15	2834	76.2F	9.3
50.20	2836	76.2F	9.3
50.25	2836	76.2F	9.3
50.30	2835	76.2F	9.3
50.35	2823	76.2F	9.3
50.40	2811	76.2F	9.3
50.45	2805	76.2F	9.3
50.50	2810	76.2F	9.3
50.55	2819	76.2F	9.3
50.60	2822	76.2F	9.3
50.65	2827	76.2F	9.3
50.70	2825	76.2F	9.3
50.75	2826	76.2F	9.3
50.80	2820	76.2F	9.3
50.85	2814	76.2F	9.3
50.90	2802	76.1F	9.3
50.95	2785	76.2F	9.3
51.00	2772	76.2F	9.3
51.05	2769	76.1F	9.3
51.10	2778	76.2F	9.3
51.15	2791	76.2F	9.3
51.20	2798	76.2F	9.3
51.25	2799	76.2F	9.3
51.30	2791	76.2F	9.3
51.35	2785	76.2F	9.3
51.40	2779	76.2F	9.3
51.45	2781	76.2F	9.3
51.50	2776	76.2F	9.3
51.55	2766	76.2F	9.3
51.60	2758	76.2F	9.3
51.65	2758	76.2F	9.3
51.70	2756	76.2F	9.3
51.75	2755	76.2F	9.3
51.80	2753	76.2F	9.3
51.85	2749	76.2F	9.3
51.90	2747	76.2F	9.3
51.95	2744	76.2F	9.3
52.00	2742	76.1F	9.3
52.05	2740	76.2F	9.3
52.10	2738	76.2F	9.3
52.15	2748	76.2F	9.3
52.20	2747	76.2F	9.3
52.25	2745	76.2F	9.3
52.30	2740	76.2F	9.3
52.35	2739	76.2F	9.3
52.40	2736	76.2F	9.3
52.45	2731	76.2F	9.3
52.50	2727	76.2F	9.3
52.55	2744	76.2F	9.3
52.60	2739	76.2F	9.3
52.65	2741	76.2F	9.3
52.70	2725	76.2F	9.3
52.75	2726	76.2F	9.3
52.80	2711	76.2F	9.3
52.85	2710	76.2F	9.3
52.90	2709	76.1F	9.3
52.95	2703	76.2F	9.3
53.00	2692	76.1F	9.3
53.05	2681	76.2F	9.3
53.10	2673	76.2F	9.3
53.15	2665	76.2F	9.3
53.20	2664	76.1F	9.3
53.25	2666	76.1F	9.3
53.30	2673	76.2F	9.3
53.35	2681	76.2F	9.3
53.40	2680	76.1F	9.3
53.45	2687	76.1F	9.3
53.50	2688	76.2F	9.3
53.55	2681	76.1F	9.3
53.60	2677	76.2F	9.3
53.65	2670	76.2F	9.3
53.70	2660	76.1F	9.3
53.75	2654	76.1F	9.3
53.80	2646	76.1F	9.3
53.85	2636	76.1F	9.3
53.90	2630	76.2F	9.3
53.95	2624	76.2F	9.3
54.00	2621	76.1F	9.3
54.05	2615	76.2F	9.3
54.10	2613	76.1F	9.3
54.15	2609	76.1F	9.3
54.20	2603	76.1F	9.3
54.25	2599	76.1F	9.3
54.30	2597	76.2F	9.3
54.35	2597	76.2F	9.3
54.40	2606	76.1F	9.3
54.45	2618	76.2F	9.3
54.50	2622	76.2F	9.3
54.55	2628	76.1F	9.3
54.60	2627	76.1F	9.3
54.65	2626	76.2F	9.3
54.70	2627	76.1F	9.3
54.75	2626	76.1F	9.3
54.80	2625	76.1F	9.3
54.85	2617	76.1F	9.3
54.90	2610	76.1F	9.3
54.95	2602	76.1F	9.3
55.00	2593	76.1F	9.3
55.05	2584	76.2F	9.3
55.10	2578	76.1F	9.3
55.15	2573	76.1F	9.3
55.20	2571	76.1F	9.3
55.25	2573	76.1F	9.3
55.30	2572	76.1F	9.3
55.35	2571	76.1F	9.3
55.40	2572	76.1F	9.3
55.45	2569	76.1F	9.3
55.50	2568	76.1F	9.3
55.55	2565	76.1F	9.3
55.60	2564	76.1F	9.3
55.65	2562	76.1F	9.3
55.70	2559	76.1F	9.3
55.75	2556	76.1F	9.3
55.80	2555	76.1F	9.3
55.85	2557	76.1F	9.3
55.90	2561	76.1F	9.3
55.95	2570	76.1F	9.3
56.00	2564	76.1F	9.3
56.05	2539	76.1F	9.3
56.10	2517	76.1F	9.3
56.15	2510	76.1F	9.3
56.20	2524	76.1F	9.3
56.25	2547	76.1F	9.3
56.30	2552	76.1F	9.3
56.35	2541	76.1F	9.3
56.40	2534	76.1F	9.3
56.45	2529	76.1F	9.3
56.50	2528	76.1F	9.3
56.55	2520	76.1F	9.3
56.60	2527	76.1F	9.3
56.65	2516	76.1F	9.3
56.70	2511	76.1F	9.3
56.75	2509	76.1F	9.3
56.80	2504	76.1F	9.3
56.85	2500	76.1F	9.3
56.90	2496	76.1F	9.3
56.95	2493	76.1F	9.3
57.00	2496	76.1F	9.3
57.05	2504	76.1F	9.3
57.10	2508	76.1F	9.3
57.15	2503	76.1F	9.3
57.20	2501	76.1F	9.3
57.25	2495	76.1F	9.3
57.30	2489	76.1F	9.3
57.35	2478	76.1F	9.3
57.40	2476	76.1F	9.3
57.45	2476	76.1F	9.3
57.50	2474	76.1F	9.3
57.55	2473	76.1F	9.3
57.60	2474	76.1F	9.3
57.65	2472	76.1F	9.3
57.70	2471	76.1F	9.3
57.75	2470	76.1F	9.3
57.80	2468	76.1F	9.3
57.85	2463	76.1F	9.3
57.90	2455	76.1F	9.3
57.95	2450	76.1F	9.3
58.00	2446	76.1F	9.3
58.05	2444	76.1F	9.3
58.10	2440	76.1F	9.3
58.15	2441	76.1F	9.3
58.20	2441	76.1F	9.3
58.25	2453	76.1F	9.3
58.30	2444	76.1F	9.3
58.35	2440	76.1F	9.3
58.40	2441	76.1F	9.3
58.45	2439	76.1F	9.3
58.50	2441	76.1F	9.3
58.55	2447	76.1F	9.3
58.60	2441	76.1F	9.3
58.65	2394	76.1F	9.3
58.70	2392	76.1F	9.3
58.75	2411	76.1F	9.3
58.80	2416	76.1F	9.3
58.85	2410	76.1F	9.3
58.90	2414	76.1F	9.3
58.95	2412	76.1F	9.3
59.00	2419	76.1F	9.3
59.05	2425	76.1F	9.3
59.10	2411	76.1F	9.3
59.15	2410	76.1F	9.3
59.20	2402	76.1F	9.3
59.25	2400	76.1F	9.3
59.30	2400	76.1F	9.3
59.35	2393	76.1F	9.3
59.40	2394	76.1F	9.3
59.45	2389	76.1F	9.3
59.50	2365	76.1F	9.3
59.55	2351	76.1F	9.3
59.60	2345	76.1F	9.3
59.65	2351	76.1F	9.3
59.70	2360	76.1F	9.3
59.75	2372	76.1F	9.3
59.80	2377	76.1F	9.3
59.85	2372	76.1F	9.3
59.90	2374	76.1F	9.3
59.95	2372	76.1F	9.3
60.00	2363	76.1F	9.3
60.05	2363	76.1F	9.3
60.10	2358	76.1F	9.3
60.15	2360	76.1F	9.3
60.20	2361	76.1F	9.3
60.25	2360	76.1F	9.3
60.30	2358	76.1F	9.3
60.35	2355	76.1F	9.3
60.40	2353	76.1F	9.3
60.45	2350	76.1F	9.3
60.50	2330	76.1F	9.3
60.55	2320	76.1F	9.3
60.60	2314	76.1F	9.3
60.65	2308	76.1F	9.3
60.70	2305	76.1F	9.3
60.75	2304	76.1F	9.3
60.80	2300	76.1F	9.3
60.85	2298	76.1F	9.3
60.90	2300	76.1F	9.3
60.95	2302	76.1F	9.3
61.00	2305	76.1F	9.3
61.05	2307	76.1F	9.3
61.10	2304	76.1F	9.3
61.15	2297	76.1F	9.3
61.20	2289	76.1F	9.3
61.25	2290	76.1F	9.3
61.30	2287	76.1F	9.3
61.35	2283	76.1F	9.3
61.40	2280	76.1F	9.3
61.45	2278	76.1F	9.3
61.50	2276	76.1F	9.3
61.55	2274	76.1F	9.3
61.60	2274	76.1F	9.3
61.65	2276	76.1F	9.3
61.70	2275	76.1F	9.3
61.75	2290	76.1F	9.3
61.80	2283	76.1F	9.3
61.85	2270	76.1F	9.3
61.90	2252	76.1F	9.3
61.95	2243	76.1F	9.3
62.00	2237	76.1F	9.3
62.05	2234	76.1F	9.3
62.10	2233	76.1F	9.3
62.15	2237	76.1F	9.3
62.20	2234	76.1F	9.3
62.25	2232	76.1F	9.3
62.30	2231	76.1F	9.3
62.35	2231	76.1F	9.3
62.40	2230	76.1F	9.3
62.45	2227	76.1F	9.3
62.50	2226	76.1F	9.3
62.55	2223	76.1F	9.3
62.60	2221	76.1F	9.3
62.65	2218	76.1F	9.3
62.70	2216	76.1F	9.3
62.75	2215	76.1F	9.3
62.80	2213	76.1F	9.3
62.85	2214	76.1F	9.3
62.90	2213	76.1F	9.3
62.95	2208	76.1F	9.3
63.00	2209	76.1F	9.3
63.05	2206	76.1F	9.3
63.10	2203	76.1F	9.3
63.15	2204	76.1F	9.3
63.20	2179	76.1F	9.3
63.25	2179	76.1F	9.3
63.30	2202	76.1F	9.3
63.35	2200	76.1F	9.3
63.40	2187	76.1F	9.3
63.45	2185	76.1F	9.3
63.50	2181	76.1F	9.3
63.55	2182	76.1F	9.3
63.60	2183	76.1F	9.3
63.65	2182	76.1F	9.3
63.70	2175	76.1F	9.3
63.75	2172	76.1F	9.3
63.80	2185	76.1F	9.3
63.85	2176	76.1F	9.3
63.90	2166	76.1F	9.3
63.95	2170	76.1F	9.3
64.00	2167	76.1F	9.3
64.05	2166	76.1F	9.3
64.10	2140	76.1F	9.3
64.15	2122	76.1F	9.3
64.20	2113	76.1F	9.3
64.25	2108	76.1F	9.3
64.30	2109	76.1F	9.3
64.35	2111	76.1F	9.3
64.40	2110	76.1F	9.3
64.45	2116	76.1F	9.3
64.50	2117	76.1F	9.3
64.55	2116	76.1F	9.3
64.60	2117	76.1F	9.3
64.65	2114	76.1F	9.3
64.70	2113	76.1F	9.3
64.75	2113	76.1F	9.3
64.80	2110	76.1F	9.3
64.85	2107	76.1F	9.3
64.90	2101	76.1F	9.3
64.95	2097	76.1F	9.3
65.00	2095	76.1F	9.3
65.05	2092	76.1F	9.3
65.10	2091	76.1F	9.3
65.15	2091	76.1F	9.3
65.20	2084	76.1F	9.3
65.25	2080	76.1F	9.3
65.30	2078	76.1F	9.3
65.35	2073	76.1F	9.3
65.40	2070	76.1F	9.3
65.45	2069	76.1F	9.3
65.50	2066	76.1F	9.3
65.55	2066	76.1F	9.3
65.60	2067	76.1F	9.3
65.65	2070	76.1F	9.3
65.70	2076	76.1F	9.3
65.75	2076	76.1F	9.3
65.80	2061	76.1F	9.3
65.85	2041	76.1F	9.3
65.90	2036	76.1F	9.3
65.95	2042	76.1F	9.3
66.00	2049	76.1F	9.3
66.05	2053	76.1F	9.3
66.10	2053	76.1F	9.3
66.15	2052	76.1F	9.3
66.20	2051	76.1F	9.3
66.25	2051	76.1F	9.3
66.30	2044	76.1F	9.3
66.35	2035	76.1F	9.3
66.40	2022	76.1F	9.3
66.45	2021	76.1F	9.3
66.50	2017	76.1F	9.3
66.55	2016	76.1F	9.3
66.60	2018	76.1F	9.3
66.65	2017	76.1F	9.3
66.70	2027	76.1F	9.3
66.75	2012	76.1F	9.3
66.80	2020	76.1F	9.3
66.85	2040	76.1F	9.3
66.90	2043	76.1F	9.3
66.95	2028	76.1F	9.3
67.00	2014	76.1F	9.3
67.05	1988	76.1F	9.3
67.10	1964	76.1F	9.3
67.15	1953	76.1F	9.3
67.20	1949	76.1F	9.3
67.25	1950	76.1F	9.3
67.30	1950	76.1F	9.3
67.35	1950	76.1F	9.3
67.40	1950	76.1F	9.3
67.45	1949	76.1F	9.3
67.50	1950	76.1F	9.3
67.55	1949	76.1F	9.3
67.60	1947	76.1F	9.3
67.65	1945	76.1F	9.3
67.70	1942	76.1F	9.3
67.75	1940	76.1F	9.3
67.80	1937	76.1F	9.3
67.85	1934	76.1F	9.3
67.90	1927	76.1F	9.3
67.95	1924	76.1F	9.3
68.00	1922	76.1F	9.3
68.05	1914	76.1F	9.3
68.10	1908	76.1F	9.3
68.15	1902	76.1F	9.3
68.20	1899	76.1F	9.3
68.25	1897	76.1F	9.3
68.30	1895	76.1F	9.3
68.35	1896	76.1F	9.3
68.40	1896	76.1F	9.3
68.45	1896	76.1F	9.3
68.50	1894	76.1F	9.3
68.55	1893	76.1F	9.3
68.60	1894	76.1F	9.3
68.65	1897	76.1F	9.3
68.70	1903	76.1F	9.3
68.75	1906	76.1F	9.3
68.80	1909	76.1F	9.3
68.85	1913	76.1F	9.3
68.90	1916	76.0F	9.3
68.95	1919	76.0F	9.3
69.00	1922	76.1F	9.3
69.05	1919	76.1F	9.3
69.10	1912	76.1F	9.3
69.15	1896	76.1F	9.3
69.20	1879	76.0F	9.3
69.25	1862	76.1F	9.3
69.30	1851	76.1F	9.3
69.35	1848	76.1F	9.3
69.40	1845	76.1F	9.3
69.45	1846	76.1F	9.3
69.50	1844	76.1F	9.3
69.55	1845	76.1F	9.3
69.60	1844	76.1F	9.3
69.65	1844	76.1F	9.3
69.70	1844	76.1F	9.3
69.75	1844	76.0F	9.3
69.80	1846	76.0F	9.3
69.85	1848	76.1F	9.3
69.90	1859	76.0F	9.3
69.95	1858	76.0F	9.3
70.00	1851	76.0F	9.3
70.05	1841	76.0F	9.3
70.10	1837	76.0F	9.3
70.15	1833	76.1F	9.3
70.20	1830	76.0F	9.3
70.25	1825	76.1F	9.3
70.30	1824	76.1F	9.3
70.35	1823	76.0F	9.3
70.40	1821	76.1F	9.3
70.45	1822	76.1F	9.3
70.50	1833	76.0F	9.3
70.55	1821	76.0F	9.3
70.60	1819	76.0F	9.3
70.65	1821	76.0F	9.3
70.70	1824	76.0F	9.3
70.75	1805	76.0F	9.3
70.80	1789	76.0F	9.3
70.85	1775	76.0F	9.3
70.90	1769	76.0F	9.3
70.95	1772	76.0F	9.3
71.00	1779	76.0F	9.3
71.05	1787	76.0F	9.3
71.10	1779	76.0F	9.3
71.15	1772	76.0F	9.3
71.20	1763	76.0F	9.3
71.25	1755	76.0F	9.3
71.30	1753	76.0F	9.3
71.35	1754	76.0F	9.3
71.40	1757	76.0F	9.3
71.45	1757	76.0F	9.3
71.50	1760	76.0F	9.3
71.55	1761	76.0F	9.3
71.60	1762	76.0F	9.3
71.65	1761	76.0F	9.3
71.70	1762	76.0F	9.3
71.75	1759	76.0F	9.3
71.80	1762	76.0F	9.3
71.85	1757	76.0F	9.3
71.90	1744	76.0F	9.3
71.95	1742	76.0F	9.3
72.00	1747	76.0F	9.3
72.05	1744	76.0F	9.3
72.10	1746	76.0F	9.3
72.15	1750	76.0F	9.3
72.20	1732	76.0F	9.3
72.25	1691	76.0F	9.3
72.30	1689	76.0F	9.3
72.35	1706	76.0F	9.3
72.40	1720	76.0F	9.3
72.45	1723	76.0F	9.3
72.50	1718	76.0F	9.3
72.55	1714	76.0F	9.3
72.60	1714	76.0F	9.3
72.65	1714	76.0F	9.3
72.70	1712	76.0F	9.3
72.75	1702	76.0F	9.3
72.80	1708	76.0F	9.3
72.85	1713	76.0F	9.3
72.90	1724	76.0F	9.3
72.95	1711	76.0F	9.3
73.00	1698	76.0F	9.3
73.05	1673	76.0F	9.3
73.10	1654	76.0F	9.3
73.15	1656	76.0F	9.3
73.20	1671	76.0F	9.3
73.25	1682	76.0F	9.3
73.30	1683	76.0F	9.3
73.35	1678	76.0F	9.3
73.40	1673	76.0F	9.3
73.45	1670	76.0F	9.3
73.50	1669	76.0F	9.3
73.55	1669	76.0F	9.3
73.60	1660	76.0F	9.3
73.65	1661	76.0F	9.3
73.70	1660	76.0F	9.3
73.75	1660	76.0F	9.3
73.80	1661	76.0F	9.3
73.85	1657	76.0F	9.3
73.90	1658	76.0F	9.3
73.95	1653	76.0F	9.3
74.00	1649	76.0F	9.3
74.05	1650	76.0F	9.3
74.10	1644	76.0F	9.3
74.15	1604	76.0F	9.3
74.20	1601	76.0F	9.3
74.25	1625	76.0F	9.3
74.30	1644	76.0F	9.3
74.35	1634	76.0F	9.3
74.40	1624	76.0F	9.3
74.45	1621	76.0F	9.3
74.50	1619	76.0F	9.3
74.55	1618	76.0F	9.3
74.60	1617	76.0F	9.3
74.65	1618	76.0F	9.3
74.70	1619	76.0F	9.3
74.75	1620	76.0F	9.3
74.80	1617	76.0F	9.3
74.85	1611	76.0F	9.3
74.90	1612	76.0F	9.3
74.95	1614	76.0F	9.3
75.00	1600	76.0F	9.3
75.05	1589	76.0F	9.3
75.10	1578	76.0F	9.3
75.15	1571	76.0F	9.3
75.20	1569	76.0F	9.3
75.25	1572	76.0F	9.3
75.30	1570	76.0F	9.3
75.35	1571	76.0F	9.3
75.40	1567	76.0F	9.3
75.45	1564	76.0F	9.3
75.50	1559	76.0F	9.3
75.55	1554	76.0F	9.3
75.60	1551	76.0F	9.3
75.65	1550	76.0F	9.3
75.70	1547	76.0F	9.3
75.75	1547	76.0F	9.3
75.80	1550	76.0F	9.3
75.85	1547	76.0F	9.3
75.90	1541	76.0F	9.3
75.95	1534	76.0F	9.3
76.00	1529	76.0F	9.3
76.05	1527	76.0F	9.3
76.10	1528	76.0F	9.3
76.15	1532	76.0F	9.3
76.20	1540	76.0F	9.3
76.25	1546	76.0F	9.3
76.30	1541	76.0F	9.3
76.35	1539	76.0F	9.3
76.40	1534	76.0F	9.3
76.45	1527	76.0F	9.3
76.50	1521	76.0F	9.3
76.55	1513	76.0F	9.3
76.60	1509	76.0F	9.3
76.65	1507	76.0F	9.3
76.70	1504	76.0F	9.3
76.75	1502	76.0F	9.3
76.80	1499	76.0F	9.3
76.85	1500	76.0F	9.3
76.90	1501	76.0F	9.3
76.95	1510	76.0F	9.3
77.00	1519	76.0F	9.3
77.05	1511	76.0F	9.3
77.10	1506	76.0F	9.3
77.15	1507	76.0F	9.3
77.20	1493	76.0F	9.3
77.25	1474	76.0F	9.3
77.30	1454	76.0F	9.3
77.35	1444	76.0F	9.3
77.40	1442	76.0F	9.3
77.45	1447	76.0F	9.3
77.50	1455	76.0F	9.3
77.55	1459	76.0F	9.3
77.60	1463	76.0F	9.3
77.65	1460	76.0F	9.3
77.70	1452	76.0F	9.3
77.75	1444	76.0F	9.3
77.80	1436	76.0F	9.3
77.85	1436	76.0F	9.3
77.90	1434	76.0F	9.3
77.95	1431	76.0F	9.3
78.00	1426	76.0F	9.3
78.05	1424	76.0F	9.3
78.10	1423	76.0F	9.3
78.15	1419	76.0F	9.3
78.20	1416	76.0F	9.3
78.25	1410	76.0F	9.3
78.30	1407	76.0F	9.3
78.35	1405	76.0F	9.3
78.40	1405	76.0F	9.3
78.45	1407	76.0F	9.3
78.50	1407	76.0F	9.3
78.55	1406	76.0F	9.3
78.60	1406	76.0F	9.3
78.65	1404	76.0F	9.3
78.70	1405	76.0F	9.3
78.75	1408	76.0F	9.3
78.80	1409	76.0F	9.3
78.85	1413	76.0F	9.3
78.90	1408	76.0F	9.3
78.95	1401	76.0F	9.3
79.00	1398	76.0F	9.3
79.05	1396	76.0F	9.3
79.10	1395	76.0F	9.3
79.15	1395	76.0F	9.3
79.20	1398	76.0F	9.3
79.25	1396	76.0F	9.3
79.30	1391	76.0F	9.3
79.35	1384	76.0F	9.3
79.40	1377	76.0F	9.3
79.45	1376	76.0F	9.3
79.50	1373	76.0F	9.3
79.55	1370	76.0F	9.3
79.60	1369	76.0F	9.3
79.65	1365	76.0F	9.3
79.70	1362	76.0F	9.3
79.75	1359	76.0F	9.3
79.80	1356	76.0F	9.3
79.85	1353	76.0F	9.3
79.90	1353	76.0F	9.3
79.95	1351	76.0F	9.3
80.00	1351	76.0F	9.3
80.05	1350	76.0F	9.3
80.10	1361	76.0F	9.3
80.15	1369	76.0F	9.3
80.20	1345	76.0F	9.3
80.25	1347	76.0F	9.3
80.30	1348	76.0F	9.3
80.35	1346	76.0F	9.3
80.40	1344	76.0F	9.3
80.45	1326	76.0F	9.3
80.50	1308	76.0F	9.3
80.55	1298	76.0F	9.3
80.60	1296	76.0F	9.3
80.65	1297	76.0F	9.3
80.70	1297	76.0F	9.3
80.75	1294	76.0F	9.3
80.80	1292	76.0F	9.3
80.85	1288	76.0F	9.3
80.90	1283	76.0F	9.3
80.95	1280	76.0F	9.3
81.00	1279	76.0F	9.3
81.05	1277	76.0F	9.3
81.10	1275	76.0F	9.3
81.15	1268	76.0F	9.3
81.20	1263	76.0F	9.3
81.25	1258	76.0F	9.3
81.30	1253	76.0F	9.3
81.35	1255	76.0F	9.3
81.40	1255	76.0F	9.3
81.45	1255	76.0F	9.3
81.50	1254	76.0F	9.3
81.55	1250	76.0F	9.3
81.60	1250	76.0F	9.3
81.65	1253	76.0F	9.3
81.70	1251	76.0F	9.3
81.75	1251	76.0F	9.3
81.80	1247	76.0F	9.3
81.85	1244	76.0F	9.3
81.90	1242	76.0F	9.3
81.95	1243	76.0F	9.3
82.00	1242	76.0F	9.3
82.05	1244	76.0F	9.3
82.10	1242	76.0F	9.3
82.15	1237	76.0F	9.3
82.20	1236	76.0F	9.3
82.25	1235	76.0F	9.3
82.30	1235	76.0F	9.3
82.35	1235	76.0F	9.3
82.40	1233	76.0F	9.3
82.45	1230	76.0F	9.3
82.50	1228	76.0F	9.3
82.55	1230	76.0F	9.3
82.60	1227	76.0F	9.3
82.65	1237	76.0F	9.3
82.70	1235	76.0F	9.3
82.75	1226	76.0F	9.3
82.80	1218	76.0F	9.3
82.85	1219	76.0F	9.3
82.90	1218	76.0F	9.3
82.95	1223	76.0F	9.3
83.00	1215	76.0F	9.3
83.05	1210	76.0F	9.3
83.10	1206	76.0F	9.3
83.15	1203	76.0F	9.3
83.20	1211	76.0F	9.3
83.25	1202	76.0F	9.3
83.30	1206	76.0F	9.3
83.35	1203	76.0F	9.3
83.40	1208	76.0F	9.3
83.45	1194	75.9F	9.3
83.50	1193	75.9F	9.3
83.55	1187	75.9F	9.3
83.60	1182	76.0F	9.3
83.65	1149	76.0F	9.3
83.70	1144	75.9F	9.3
83.75	1168	75.9F	9.3
83.80	1183	76.0F	9.3
83.85	1183	75.9F	9.3
83.90	1176	76.0F	9.3
83.95	1173	76.0F	9.3
84.00	1170	75.9F	9.3
84.05	1169	75.9F	9.3
84.10	1166	76.0F	9.3
84.15	1170	75.9F	9.3
84.20	1165	76.0F	9.3
84.25	1146	75.9F	9.3
84.30	1126	76.0F	9.3
84.35	1117	75.9F	9.3
84.40	1114	75.9F	9.3
84.45	1115	75.9F	9.3
84.50	1116	75.9F	9.3
84.55	1117	75.9F	9.3
84.60	1119	75.9F	9.3
84.65	1121	75.9F	9.3
84.70	1124	75.9F	9.3
84.75	1128	75.9F	9.3
84.80	1126	75.9F	9.3
84.85	1123	75.9F	9.3
84.90	1121	75.9F	9.3
84.95	1109	75.9F	9.3
85.00	1096	76.0F	9.3
85.05	1083	76.0F	9.3
85.10	1072	76.0F	9.3
85.15	1070	75.9F	9.3
85.20	1072	75.9F	9.3
85.25	1074	75.9F	9.3
85.30	1077	75.9F	9.3
85.35	1081	75.9F	9.3
85.40	1084	75.9F	9.3
85.45	1089	75.9F	9.3
85.50	1092	75.9F	9.3
85.55	1096	75.9F	9.3
85.60	1100	75.9F	9.3
85.65	1098	75.9F	9.3
85.70	1096	75.9F	9.3
85.75	1093	76.0F	9.3
85.80	1089	75.9F	9.3
85.85	1073	75.9F	9.3
85.90	1068	75.9F	9.3
85.95	1057	75.9F	9.3
86.00	1050	75.9F	9.3
86.05	1041	75.9F	9.3
86.10	1029	75.9F	9.3
86.15	1021	75.9F	9.3
86.20	1019	75.9F	9.3
86.25	1020	75.9F	9.3
86.30	1030	75.9F	9.3
86.35	1036	75.9F	9.3
86.40	1042	75.9F	9.3
86.45	1041	75.9F	9.3
86.50	1036	75.9F	9.3
86.55	1028	75.9F	9.3
86.60	1024	75.9F	9.3
86.65	1018	75.9F	9.3
86.70	1013	75.9F	9.3
86.75	1011	75.9F	9.3
86.80	1008	75.9F	9.3
86.85	1004	75.9F	9.3
86.90	995	75.9F	9.3
86.95	985	75.9F	9.3
87.00	981	75.9F	9.3
87.05	980	75.9F	9.3
87.10	978	75.9F	9.3
87.15	977	75.9F	9.3
87.20	974	75.9F	9.3
87.25	974	75.9F	9.3
87.30	976	75.9F	9.3
87.35	977	75.9F	9.3
87.40	975	75.9F	9.3
87.45	974	75.9F	9.3
87.50	974	75.9F	9.3
87.55	976	75.9F	9.3
87.60	973	75.9F	9.3
87.65	976	75.9F	9.3
87.70	977	75.9F	9.3
87.75	981	75.9F	9.3
87.80	983	75.9F	9.3
87.85	978	75.9F	9.3
87.90	972	75.9F	9.3
87.95	963	75.9F	9.3
88.00	951	75.9F	9.3
88.05	937	75.9F	9.3
88.10	926	75.9F	9.3
88.15	923	75.9F	9.3
88.20	926	75.9F	9.3
88.25	928	75.9F	9.3
88.30	932	75.9F	9.3
88.35	935	75.9F	9.3
88.40	934	75.9F	9.3
88.45	934	75.9F	9.3
88.50	931	75.9F	9.3
88.55	930	75.9F	9.3
88.60	928	75.9F	9.3
88.65	927	75.9F	9.3
88.70	923	75.9F	9.3
88.75	923	75.9F	9.3
88.80	920	75.9F	9.3
88.85	919	75.9F	9.3
88.90	914	75.9F	9.3
88.95	903	75.9F	9.3
89.00	893	75.9F	9.3
89.05	884	75.9F	9.3
89.10	883	75.9F	9.3
89.15	885	75.9F	9.3
89.20	891	75.9F	9.3
89.25	893	75.9F	9.3
89.30	885	75.9F	9.3
89.35	880	75.9F	9.3
89.40	870	75.9F	9.3
89.45	865	75.9F	9.3
89.50	867	75.9F	9.3
89.55	869	75.9F	9.3
89.60	869	75.9F	9.3
89.65	869	75.9F	9.3
89.70	867	75.9F	9.3
89.75	865	75.9F	9.3
89.80	864	75.9F	9.3
89.85	863	75.9F	9.3
89.90	853	75.9F	9.3
89.95	844	75.9F	9.3
90.00	838	75.9F	9.3
90.05	838	75.9F	9.3
90.10	857	75.9F	9.3
90.15	881	75.9F	9.3
90.20	876	75.9F	9.3
90.25	864	75.9F	9.3
90.30	859	75.9F	9.3
90.35	861	75.9F	9.3
90.40	862	75.9F	9.3
90.45	863	75.9F	9.3
90.50	857	75.9F	9.3
90.55	856	75.9F	9.3
90.60	857	75.9F	9.3
90.65	856	75.9F	9.3
90.70	851	75.9F	9.3
90.75	845	75.9F	9.3
90.80	839	75.9F	9.3
90.85	841	75.9F	9.3
90.90	848	75.9F	9.3
90.95	849	75.9F	9.3
91.00	849	75.9F	9.3
91.05	843	75.9F	9.3
91.10	841	75.9F	9.3
91.15	840	75.9F	9.3
91.20	840	75.9F	9.3
91.25	838	75.9F	9.3
91.30	836	75.9F	9.3
91.35	834	75.9F	9.3
91.40	832	75.9F	9.3
91.45	834	75.9F	9.3
91.50	837	75.9F	9.3
91.55	836	75.9F	9.3
91.60	835	75.9F	9.3
91.65	837	75.9F	9.3
91.70	838	75.9F	9.3
91.75	836	75.9F	9.3
91.80	836	75.9F	9.3
91.85	833	75.9F	9.3
91.90	832	75.9F	9.3
91.95	830	75.9F	9.3
92.00	829	75.9F	9.3
92.05	829	75.9F	9.3
92.10	831	75.9F	9.3
92.15	831	75.9F	9.3
92.20	830	75.9F	9.3
92.25	829	75.9F	9.3
92.30	830	75.9F	9.3
92.35	830	75.9F	9.3
92.40	828	75.9F	9.3
92.45	826	75.9F	9.3
92.50	824	75.9F	9.3
92.55	823	75.9F	9.3
92.60	821	75.9F	9.3
92.65	819	75.9F	9.3
92.70	816	75.9F	9.3
92.75	816	75.9F	9.3
92.80	818	75.9F	9.3
92.85	821	75.9F	9.3
92.90	821	75.9F	9.3
92.95	819	75.9F	9.3
93.00	820	75.9F	9.3
93.05	818	75.9F	9.3
93.10	817	75.9F	9.3
93.15	816	75.9F	9.3
93.20	813	75.9F	9.3
93.25	810	75.9F	9.3
93.30	808	75.9F	9.3
93.35	805	75.9F	9.3
93.40	804	75.9F	9.3
93.45	803	75.9F	9.3
93.50	804	75.9F	9.3
93.55	803	75.9F	9.3
93.60	803	75.9F	9.3
93.65	803	75.9F	9.3
93.70	801	75.9F	9.3
93.75	799	75.9F	9.3
93.80	798	75.9F	9.3
93.85	797	75.9F	9.3
93.90	797	75.9F	9.3
93.95	796	75.9F	9.3
94.00	795	75.9F	9.3
94.05	793	75.9F	9.3
94.10	791	75.9F	9.3
94.15	792	75.9F	9.3
94.20	791	75.9F	9.3
94.25	790	75.9F	9.3
94.30	791	75.9F	9.3
94.35	789	75.9F	9.3
94.40	788	75.9F	9.3
94.45	789	75.9F	9.3
94.50	787	75.9F	9.3
94.55	786	75.9F	9.3
94.60	785	75.9F	9.3
94.65	784	75.9F	9.3
94.70	782	75.9F	9.3
94.75	782	75.9F	9.3
94.80	781	75.9F	9.3
94.85	781	75.9F	9.3
94.90	780	75.9F	9.3
94.95	778	75.9F	9.3
95.00	778	75.9F	9.3
95.05	778	75.8F	9.3
95.10	776	75.9F	9.3
95.15	775	75.9F	9.3
95.20	776	75.8F	9.3
95.25	774	75.9F	9.3
95.30	772	75.9F	9.3
95.35	770	75.9F	9.3
95.40	768	75.8F	9.3
95.45	766	75.8F	9.3
95.50	764	75.8F	9.3
95.55	761	75.8F	9.3
95.60	761	75.9F	9.3
95.65	763	75.8F	9.3
95.70	761	75.9F	9.3
95.75	761	75.9F	9.3
95.80	760	75.9F	9.3
95.85	760	75.9F	9.3
95.90	759	75.9F	9.3
95.95	759	75.8F	9.3
96.00	757	75.8F	9.3
96.05	756	75.9F	9.3
96.10	755	75.9F	9.3
96.15	754	75.9F	9.3
96.20	755	75.8F	9.3
96.25	753	75.9F	9.3
96.30	754	75.8F	9.3
96.35	751	75.8F	9.3
96.40	753	75.8F	9.3
96.45	750	75.8F	9.3
96.50	749	75.8F	9.3
96.55	748	75.8F	9.3
96.60	747	75.9F	9.3
96.65	743	75.9F	9.3
96.70	745	75.8F	9.3
96.75	742	75.9F	9.3
96.80	741	75.8F	9.3
96.85	740	75.9F	9.3
96.90	740	75.9F	9.3
96.95	738	75.9F	9.3
97.00	737	75.9F	9.3
97.05	736	75.8F	9.3
97.10	735	75.8F	9.3
97.15	732	75.8F	9.3
97.20	733	75.8F	9.3
97.25	732	75.8F	9.3
97.30	730	75.8F	9.3
97.35	731	75.8F	9.3
97.40	730	75.8F	9.3
97.45	728	75.8F	9.3
97.50	726	75.8F	9.3
97.55	725	75.8F	9.3
97.60	724	75.8F	9.3
97.65	722	75.8F	9.3
97.70	721	75.8F	9.3
97.75	718	75.8F	9.3
97.80	719	75.8F	9.3
97.85	719	75.8F	9.3
97.90	717	75.8F	9.3
97.95	717	75.8F	9.3
98.00	716	75.8F	9.3
98.05	717	75.8F	9.3
98.10	717	75.8F	9.3
98.15	715	75.8F	9.3
98.20	715	75.8F	9.3
98.25	715	75.8F	9.3
98.30	714	75.8F	9.3
98.35	714	75.8F	9.3
98.40	713	75.8F	9.3
98.45	712	75.8F	9.3
98.50	710	75.8F	9.3
98.55	711	75.8F	9.3
98.60	710	75.8F	9.3
98.65	709	75.8F	9.3
98.70	707	75.8F	9.3
98.75	706	75.8F	9.3
98.80	704	75.8F	9.3
98.85	702	75.8F	9.3
98.90	701	75.8F	9.3
98.95	699	75.8F	9.3
99.00	697	75.8F	9.3
99.05	698	75.8F	9.3
99.10	697	75.8F	9.3
99.15	695	75.8F	9.3
99.20	695	75.8F	9.3
99.25	693	75.8F	9.3
99.30	692	75.8F	9.3
99.35	689	75.8F	9.3
99.40	689	75.8F	9.3
99.45	687	75.8F	9.3
99.50	687	75.8F	9.3
99.55	685	75.8F	9.3
99.60	685	75.8F	9.3
99.65	685	75.8F	9.3
99.70	683	75.8F	9.3
99.75	683	75.8F	9.3
99.80	682	75.8F	9.3
99.85	681	75.8F	9.3
99.90	678	75.8F	9.3
99.95	678	75.8F	9.3
100.00	677	75.8F	9.3
100.05	677	75.8F	9.3
100.10	673	75.8F	9.3
100.15	672	75.8F	9.3
100.20	671	75.8F	9.3
100.25	671	75.8F	9.3
100.30	671	75.8F	9.3
100.35	669	75.8F	9.3
100.40	667	75.8F	9.3
100.45	667	75.8F	9.3
100.50	665	75.8F	9.3
100.55	661	75.8F	9.3
100.60	662	75.8F	9.3
100.65	660	75.8F	9.3
100.70	661	75.8F	9.3
100.75	660	75.8F	9.3
100.80	659	75.8F	9.3
100.85	657	75.8F	9.3
100.90	657	75.8F	9.3
100.95	656	75.8F	9.3
101.00	655	75.8F	9.3
101.05	653	75.8F	9.3
101.10	652	75.8F	9.3
101.15	652	75.8F	9.3
101.20	649	75.8F	9.3
101.25	647	75.8F	9.3
101.30	647	75.8F	9.3
101.35	647	75.8F	9.3
101.40	645	75.8F	9.3
101.45	645	75.8F	9.3
101.50	644	75.8F	9.3
101.55	643	75.8F	9.3
101.60	643	75.8F	9.3
101.65	643	75.8F	9.3
101.70	641	75.8F	9.3
101.75	640	75.8F	9.3
101.80	639	75.8F	9.3
101.85	639	75.8F	9.3
101.90	637	75.8F	9.3
101.95	636	75.8F	9.3
102.00	636	75.8F	9.3
102.05	632	75.8F	9.3
102.10	631	75.8F	9.3
102.15	628	75.8F	9.3
102.20	626	75.8F	9.3
102.25	625	75.8F	9.3
102.30	625	75.8F	9.3
102.35	624	75.8F	9.3
102.40	622	75.8F	9.3
102.45	623	75.8F	9.3
102.50	623	75.8F	9.3
102.55	620	75.8F	9.3
102.60	620	75.8F	9.3
102.65	618	75.8F	9.3
102.70	617	75.8F	9.3
102.75	617	75.8F	9.3
102.80	615	75.8F	9.3
102.85	614	75.8F	9.3
102.90	613	75.8F	9.3
102.95	611	75.8F	9.3
103.00	610	75.8F	9.3
103.05	607	75.8F	9.3
103.10	609	75.8F	9.3
103.15	607	75.8F	9.3
103.20	607	75.8F	9.3
103.25	604	75.8F	9.3
103.30	605	75.8F	9.3
103.35	603	75.8F	9.3
103.40	602	75.8F	9.3
103.45	601	75.8F	9.3
103.50	600	75.8F	9.3
103.55	598	75.8F	9.3
103.60	596	75.8F	9.3
103.65	596	75.8F	9.3
103.70	594	75.8F	9.3
103.75	593	75.8F	9.3
103.80	592	75.8F	9.3
103.85	592	75.8F	9.3
103.90	589	75.8F	9.3
103.95	589	75.8F	9.3
104.00	589	75.8F	9.3
104.05	586	75.8F	9.3
104.10	587	75.8F	9.3
104.15	586	75.8F	9.3
104.20	585	75.8F	9.3
104.25	582	75.8F	9.3
104.30	581	75.8F	9.3
104.35	574	75.8F	9.3
104.40	565	75.8F	9.3
104.45	567	75.8F	9.3
104.50	566	75.8F	9.3
104.55	566	75.8F	9.3
104.60	563	75.8F	9.3
104.65	562	75.8F	9.3
104.70	560	75.8F	9.3
104.75	562	75.8F	9.3
104.80	569	75.8F	9.3
104.85	573	75.8F	9.3
104.90	569	75.8F	9.3
104.95	567	75.8F	9.3
105.00	565	75.8F	9.3
105.05	562	75.8F	9.3
105.10	561	75.8F	9.3
105.15	560	75.8F	9.3
105.20	558	75.8F	9.3
105.25	556	75.8F	9.3
105.30	555	75.8F	9.3
105.35	556	75.8F	9.3
105.40	556	75.8F	9.3
105.45	557	75.8F	9.3
105.50	555	75.8F	9.3
105.55	552	75.8F	9.3
105.60	552	75.8F	9.3
105.65	545	75.8F	9.3
105.70	545	75.8F	9.3
105.75	546	75.8F	9.3
105.80	546	75.8F	9.3
105.85	545	75.8F	9.3
105.90	544	75.8F	9.3
105.95	542	75.8F	9.3
106.00	542	75.8F	9.3
106.05	543	75.8F	9.3
106.10	540	75.8F	9.3
106.15	540	75.8F	9.3
106.20	540	75.8F	9.3
106.25	539	75.8F	9.3
106.30	542	75.8F	9.3
106.35	543	75.8F	9.3
106.40	543	75.8F	9.3
106.45	542	75.8F	9.3
106.50	540	75.8F	9.3
106.55	538	75.8F	9.3
106.60	537	75.8F	9.3
106.65	536	75.8F	9.3
106.70	534	75.8F	9.3
106.75	534	75.8F	9.3
106.80	533	75.8F	9.3
106.85	533	75.8F	9.3
106.90	531	75.8F	9.3
106.95	532	75.8F	9.3
107.00	530	75.8F	9.3
107.05	526	75.8F	9.3
107.10	525	75.8F	9.3
107.15	525	75.8F	9.3
107.20	522	75.8F	9.3
107.25	520	75.8F	9.3
107.30	521	75.8F	9.3
107.35	524	75.8F	9.3
107.40	522	75.8F	9.3
107.45	515	75.8F	9.3
107.50	516	75.8F	9.3
107.55	516	75.8F	9.3
107.60	513	75.8F	9.3
107.65	515	75.8F	9.3
107.70	513	75.8F	9.3
107.75	510	75.8F	9.3
107.80	505	75.8F	9.3
107.85	502	75.8F	9.3
107.90	500	75.8F	9.3
107.95	497	75.8F	9.3
108.00	497	75.8F	9.3
108.05	496	75.8F	9.3
108.10	494	75.8F	9.3
108.15	493	75.8F	9.3
108.20	493	75.8F	9.3
108.25	491	75.8F	9.3
108.30	493	75.8F	9.3
108.35	501	75.8F	9.3
108.40	503	75.8F	9.3
108.45	502	75.8F	9.3
108.50	500	75.8F	9.3
108.55	498	75.8F	9.3
108.60	496	75.8F	9.3
108.65	492	75.8F	9.3
108.70	492	75.8F	9.3
108.75	490	75.8F	9.3
108.80	488	75.8F	9.3
108.85	487	75.8F	9.3
108.90	484	75.8F	9.3
108.95	479	75.8F	9.3
109.00	475	75.8F	9.3
109.05	474	75.8F	9.3
109.10	472	75.8F	9.3
109.15	467	75.8F	9.3
109.20	468	75.8F	9.3
109.25	467	75.8F	9.3
109.30	467	75.8F	9.3
109.35	467	75.8F	9.3
109.40	464	75.8F	9.3
109.45	464	75.8F	9.3
109.50	468	75.8F	9.3
109.55	474	75.8F	9.3
109.60	475	75.8F	9.3
109.65	474	75.8F	9.3
109.70	472	75.8F	9.3
109.75	471	75.8F	9.3
109.80	470	75.8F	9.3
109.85	471	75.8F	9.3
109.90	471	75.8F	9.3
109.95	470	75.8F	9.3
110.00	466	75.8F	9.3
110.05	469	75.8F	9.3
110.10	463	75.8F	9.3
110.15	462	75.8F	9.3
110.20	457	75.8F	9.3
110.25	451	75.8F	9.3
110.30	450	75.8F	9.3
110.35	448	75.8F	9.3
110.40	450	75.8F	9.3
110.45	450	75.8F	9.3
110.50	451	75.8F	9.3
110.55	450	75.8F	9.3
110.60	447	75.8F	9.3
110.65	445	75.8F	9.3
110.70	444	75.8F	9.3
110.75	445	75.8F	9.3
110.80	448	75.8F	9.3
110.85	449	75.8F	9.3
110.90	448	75.8F	9.3
110.95	447	75.8F	9.3
111.00	446	75.8F	9.3
111.05	446	75.8F	9.3
111.10	446	75.8F	9.3
111.15	444	75.8F	9.3
111.20	443	75.8F	9.3
111.25	443	75.8F	9.3
111.30	438	75.8F	9.3
111.35	441	75.8F	9.3
111.40	442	75.8F	9.3
111.45	443	75.8F	9.3
111.50	442	75.8F	9.3
111.55	436	75.8F	9.3
111.60	433	75.8F	9.3
111.65	431	75.8F	9.3
111.70	427	75.8F	9.3
111.75	425	75.8F	9.3
111.80	424	75.8F	9.3
111.85	420	75.8F	9.3
111.90	420	75.8F	9.3
111.95	418	75.8F	9.3
112.00	418	75.8F	9.3
112.05	418	75.8F	9.3
112.10	416	75.8F	9.3
112.15	417	75.8F	9.3
112.20	416	75.8F	9.3
112.25	414	75.8F	9.3
112.30	413	75.8F	9.3
112.35	412	75.8F	9.3
112.40	412	75.8F	9.3
112.45	412	75.8F	9.3
112.50	413	75.8F	9.3
112.55	416	75.8F	9.3
112.60	421	75.8F	9.3
112.65	422	75.8F	9.3
112.70	424	75.8F	9.3
112.75	422	75.8F	9.3
112.80	420	75.8F	9.3
112.85	415	75.8F	9.3
112.90	415	75.8F	9.3
112.95	411	75.8F	9.3
113.00	411	75.8F	9.3
113.05	410	75.8F	9.3
113.10	410	75.8F	9.3
113.15	410	75.8F	9.3
113.20	408	75.8F	9.3
113.25	409	75.8F	9.3
113.30	409	75.8F	9.3
113.35	409	75.8F	9.3
113.40	407	75.8F	9.3
113.45	407	75.8F	9.3
113.50	404	75.8F	9.3
113.55	403	75.8F	9.3
113.60	399	75.8F	9.3
113.65	396	75.8F	9.3
113.70	394	75.8F	9.3
113.75	393	75.8F	9.3
113.80	392	75.8F	9.3
113.85	393	75.8F	9.3
113.90	391	75.8F	9.3
113.95	391	75.8F	9.3
114.00	388	75.8F	9.3
114.05	386	75.8F	9.3
114.10	385	75.8F	9.3
114.15	383	75.8F	9.3
114.20	382	75.8F	9.3
114.25	382	75.8F	9.3
114.30	386	75.8F	9.3
114.35	388	75.8F	9.3
114.40	390	75.8F	9.3
114.45	388	75.8F	9.3
114.50	386	75.8F	9.3
114.55	385	75.8F	9.3
114.60	384	75.8F	9.3
114.65	385	75.8F	9.3
114.70	384	75.8F	9.3
114.75	381	75.8F	9.3
114.80	379	75.8F	9.3
114.85	379	75.8F	9.3
114.90	378	75.8F	9.3
114.95	373	75.8F	9.3
115.00	370	75.8F	9.3
115.05	368	75.8F	9.3
115.10	365	75.8F	9.3
115.15	365	75.8F	9.3
115.20	365	75.8F	9.3
115.25	365	75.8F	9.3
115.30	367	75.8F	9.3
115.35	366	75.8F	9.3
115.40	365	75.8F	9.3
115.45	363	75.8F	9.3
115.50	361	75.8F	9.3
115.55	364	75.8F	9.3
115.60	364	75.8F	9.3
115.65	362	75.8F	9.3
115.70	360	75.8F	9.3
115.75	361	75.8F	9.3
115.80	360	75.8F	9.3
115.85	357	75.8F	9.3
115.90	356	75.8F	9.3
115.95	356	75.8F	9.3
116.00	355	75.8F	9.3
116.05	357	75.8F	9.3
116.10	352	75.8F	9.3
116.15	353	75.8F	9.3
116.20	353	75.8F	9.3
116.25	352	75.8F	9.3
116.30	347	75.8F	9.3
116.35	341	75.8F	9.3
116.40	339	75.8F	9.3
116.45	336	75.8F	9.3
116.50	335	75.8F	9.3
116.55	332	75.8F	9.3
116.60	332	75.8F	9.3
116.65	334	75.8F	9.3
116.70	337	75.8F	9.3
116.75	337	75.8F	9.3
116.80	335	75.8F	9.3
116.85	332	75.8F	9.3
116.90	327	75.8F	9.3
116.95	324	75.8F	9.3
117.00	324	75.8F	9.3
117.05	323	75.8F	9.3
117.10	322	75.8F	9.3
117.15	320	75.8F	9.3
117.20	316	75.8F	9.3
117.25	316	75.8F	9.3
117.30	314	75.8F	9.3
117.35	314	75.8F	9.3
117.40	313	75.8F	9.3
117.45	313	75.8F	9.3
117.50	313	75.8F	9.3
117.55	311	75.8F	9.3
117.60	309	75.8F	9.3
117.65	309	75.8F	9.3
117.70	308	75.8F	9.3
117.75	308	75.8F	9.3
117.80	311	75.8F	9.3
117.85	315	75.8F	9.3
117.90	316	75.8F	9.3
117.95	315	75.8F	9.3
118.00	310	75.8F	9.3
118.05	313	75.8F	9.3
118.10	314	75.8F	9.3
118.15	307	75.8F	9.3
118.20	307	75.8F	9.3
118.25	306	75.8F	9.3
118.30	302	75.8F	9.3
118.35	299	75.8F	9.3
118.40	300	75.8F	9.3
118.45	298	75.8F	9.3
118.50	297	75.8F	9.3
118.55	297	75.7F	9.3
118.60	293	75.8F	9.3
118.65	294	75.8F	9.3
118.70	295	75.8F	9.3
118.75	296	75.8F	9.3
118.80	294	75.8F	9.3
118.85	291	75.8F	9.3
118.90	289	75.8F	9.3
118.95	289	75.8F	9.3
119.00	289	75.8F	9.3
119.05	287	75.8F	9.3
119.10	283	75.8F	9.3
119.15	281	75.8F	9.3
119.20	281	75.8F	9.3
119.25	281	75.8F	9.3
119.30	278	75.8F	9.3
119.35	278	75.8F	9.3
119.40	277	75.8F	9.3
119.45	276	75.8F	9.3
119.50	276	75.8F	9.3
119.55	274	75.8F	9.3
119.60	276	75.8F	9.3
119.65	273	75.8F	9.3
119.70	272	75.8F	9.3
119.75	270	75.8F	9.3
119.80	271	75.8F	9.3
119.85	269	75.8F	9.3
119.90	266	75.8F	9.3
119.95	266	75.8F	9.3
120.00	265	75.8F	9.3
120.05	263	75.8F	9.3
120.10	261	75.8F	9.3
120.15	261	75.8F	9.3
120.20	260	75.8F	9.3
120.25	257	75.8F	9.3
120.30	256	75.8F	9.3
120.35	258	75.8F	9.3
120.40	259	75.8F	9.3
120.45	256	75.8F	9.3
120.50	253	75.8F	9.3
120.55	253	75.8F	9.3
120.60	250	75.8F	9.3
120.65	249	75.8F	9.3
120.70	247	75.8F	9.3
120.75	246	75.8F	9.3
120.80	245	75.8F	9.3
120.85	244	75.8F	9.3
120.90	245	75.8F	9.3
120.95	244	75.8F	9.3
121.00	245	75.8F	9.3
121.05	244	75.8F	9.3
121.10	242	75.8F	9.3
121.15	239	75.8F	9.3
121.20	239	75.8F	9.3
121.25	237	75.8F	9.3
121.30	238	75.8F	9.3
121.35	235	75.8F	9.3
121.40	234	75.8F	9.3
121.45	232	75.8F	9.3
121.50	231	75.8F	9.3
121.55	232	75.8F	9.3
121.60	230	75.8F	9.3
121.65	229	75.8F	9.3
121.70	228	75.8F	9.3
121.75	226	75.8F	9.3
121.80	225	75.8F	9.3
121.85	226	75.8F	9.3
121.90	224	75.8F	9.3
121.95	224	75.8F	9.3
122.00	223	75.8F	9.3
122.05	223	75.8F	9.3
122.10	218	75.8F	9.3
122.15	220	75.8F	9.3
122.20	217	75.8F	9.3
122.25	221	75.8F	9.3
122.30	217	75.8F	9.3
122.35	209	75.8F	9.3
122.40	205	75.8F	9.3
122.45	202	75.8F	9.3
122.50	202	75.8F	9.3
122.55	203	75.8F	9.3
122.60	205	75.7F	9.3
122.65	205	75.8F	9.3
122.70	202	75.8F	9.3
122.75	197	75.8F	9.3
122.80	193	75.8F	9.3
122.85	193	75.8F	9.3
122.90	192	75.8F	9.3
122.95	190	75.8F	9.3
123.00	190	75.8F	9.3
123.05	190	75.8F	9.3
123.10	195	75.8F	9.3
123.15	199	75.8F	9.3
123.20	200	75.8F	9.3
123.25	198	75.8F	9.3
123.30	198	75.8F	9.3
123.35	197	75.8F	9.3
123.40	195	75.8F	9.3
123.45	195	75.8F	9.3
123.50	192	75.7F	9.3
123.55	190	75.8F	9.3
123.60	189	75.8F	9.3
123.65	189	75.7F	9.3
123.70	189	75.8F	9.3
123.75	187	75.8F	9.3
123.80	187	75.8F	9.3
123.85	186	75.8F	9.3
123.90	186	75.8F	9.3
123.95	185	75.7F	9.3
124.00	183	75.7F	9.3
124.05	182	75.8F	9.3
124.10	180	75.8F	9.3
124.15	178	75.8F	9.3
124.20	175	75.8F	9.3
124.25	172	75.8F	9.3
124.30	170	75.8F	9.3
124.35	167	75.7F	9.3
124.40	166	75.8F	9.3
124.45	163	75.8F	9.3
124.50	163	75.8F	9.3
124.55	162	75.8F	9.3
124.60	163	75.8F	9.3
124.65	164	75.8F	9.3
124.70	164	75.8F	9.3
124.75	164	75.8F	9.3
124.80	161	75.8F	9.3
124.85	159	75.8F	9.3
124.90	158	75.7F	9.3
124.95	157	75.8F	9.3
125.00	155	75.8F	9.3
125.05	154	75.8F	9.3
125.10	152	75.8F	9.3
125.15	153	75.7F	9.3
125.20	151	75.8F	9.3
125.25	154	75.7F	9.3
125.30	155	75.7F	9.3
125.35	155	75.7F	9.3
125.40	155	75.7F	9.3
125.45	154	75.8F	9.3
125.50	152	75.8F	9.3
125.55	151	75.7F	9.3
125.60	147	75.8F	9.3
125.65	144	75.7F	9.3
125.70	142	75.8F	9.3
125.75	141	75.8F	9.3
125.80	142	75.8F	9.3
125.85	144	75.7F	9.3
125.90	144	75.8F	9.3
125.95	144	75.8F	9.3
126.00	141	75.8F	9.3
126.05	141	75.8F	9.3
126.10	140	75.8F	9.3
126.15	137	75.8F	9.3
126.20	133	75.8F	9.3
126.25	129	75.8F	9.3
126.30	127	75.8F	9.3
126.35	124	75.8F	9.3
126.40	125	75.8F	9.3
126.45	125	75.8F	9.3
126.50	125	75.8F	9.3
126.55	126	75.8F	9.3
126.60	128	75.8F	9.3
126.65	127	75.8F	9.3
126.70	126	75.7F	9.3
126.75	125	75.8F	9.3
126.80	123	75.8F	9.3
126.85	118	75.8F	9.3
126.90	117	75.8F	9.3
126.95	114	75.8F	9.3
127.00	114	75.7F	9.3
127.05	112	75.8F	9.3
127.10	113	75.8F	9.3
127.15	113	75.8F	9.3
127.20	112	75.7F	9.3
127.25	113	75.8F	9.3
127.30	113	75.8F	9.3
127.35	111	75.8F	9.3
127.40	110	75.8F	9.3
127.45	109	75.7F	9.3
127.50	106	75.8F	9.3
127.55	104	75.8F	9.3
127.60	103	75.8F	9.3
127.65	103	75.8F	9.3
127.70	103	75.8F	9.3
127.75	102	75.8F	9.3
127.80	101	75.8F	9.3
127.85	100	75.8F	9.3
127.90	100	75.7F	9.3
127.95	97	75.8F	9.3
128.00	98	75.8F	9.3
128.05	95	75.8F	9.3
128.10	95	75.8F	9.3
128.15	95	75.8F	9.3
128.20	94	75.8F	9.3
128.25	94	75.8F	9.3
128.30	94	75.8F	9.3
128.35	91	75.8F	9.3
128.40	90	75.8F	9.3
128.45	87	75.8F	9.3
128.50	86	75.8F	9.3
128.55	88	75.8F	9.3
128.60	87	75.8F	9.3
128.65	86	75.8F	9.3
128.70	84	75.8F	9.3
128.75	87	75.8F	9.3
128.80	85	75.8F	9.3
128.85	85	75.7F	9.3
128.90	83	75.8F	9.3
128.95	80	75.8F	9.3
129.00	80	75.8F	9.3
129.05	79	75.7F	9.3
129.10	80	75.8F	9.3
129.15	79	75.8F	9.3
129.20	76	75.8F	9.3
129.25	76	75.8F	9.3
129.30	73	75.8F	9.3
129.35	69	75.8F	9.3
129.40	64	75.8F	9.3
129.45	63	75.8F	9.3
129.50	60	75.8F	9.3
129.55	59	75.8F	9.3
129.60	59	75.8F	9.3
129.65	56	75.8F	9.3
129.70	59	75.8F	9.3
129.75	59	75.8F	9.3
129.80	61	75.8F	9.3
129.85	59	75.8F	9.3
129.90	58	75.8F	9.3
129.95	55	75.8F	9.3
130.00	54	75.8F	9.3
130.05	52	75.7F	9.3
130.10	50	75.8F	9.3
130.15	47	75.8F	9.3
130.20	46	75.8F	9.3
130.25	44	75.8F	9.3
130.30	42	75.8F	9.3
130.35	41	75.8F	9.3
130.40	41	75.8F	9.3
130.45	42	75.8F	9.3
130.50	44	75.8F	9.3
130.55	45	75.8F	9.3
130.60	46	75.8F	9.3
130.65	46	75.8F	9.3
130.70	45	75.8F	9.3
130.75	43	75.8F	9.3
130.80	42	75.8F	9.3
130.85	40	75.7F	9.3
130.90	39	75.8F	9.3
130.95	37	75.8F	9.3
131.00	35	75.8F	9.3
131.05	35	75.8F	9.3
131.10	34	75.8F	9.3
131.15	32	75.8F	9.3
131.20	34	75.8F	9.3
131.25	32	75.7F	9.3
131.30	30	75.8F	9.3
131.35	29	75.7F	9.3
131.40	25	75.8F	9.3
131.45	24	75.8F	9.3
131.50	23	75.8F	9.3
131.55	24	75.7F	9.3
131.60	21	75.8F	9.3
131.65	20	75.8F	9.3
131.70	19	75.8F	9.3
131.75	17	75.8F	9.3
131.80	17	75.8F	9.3
131.85	16	75.8F	9.3
131.90	15	75.8F	9.3
131.95	14	75.8F	9.3
132.00	13	75.8F	9.3
132.05	11	75.8F	9.3
132.10	12	75.8F	9.3
132.15	14	75.8F	9.3
132.20	11	75.8F	9.3
132.25	10	75.8F	9.3
132.30	9	75.8F	9.3
132.35	10	75.8F	9.3
132.40	9	75.7F	9.3
132.45	8	75.8F	9.3
132.50	7	75.8F	9.3
132.55	6	75.8F	9.3
132.60	4	75.8F	9.3
132.65	3	75.8F	9.3
132.70	1	75.8F	9.3
132.75	1	75.8F	9.3
132.80	0	75.8F	9.3
132.85	1	75.8F	9.3
132.90	-1	75.8F	9.3
132.95	-1	75.8F	9.3
133.00	-1	75.8F	9.3
133.05	-3	75.8F	9.3
133.10	-3	75.8F	9.3
133.15	-3	75.8F	9.3
133.20	-7	75.8F	9.3
133.25	2	75.8F	9.3
133.30	-4	75.8F	9.3
133.35	-3	75.8F	9.3
133.40	-2	75.8F	9.3
133.45	-4	75.8F	9.3
133.50	-3	75.8F	9.3
133.55	-5	75.8F	9.3
133.60	-5	75.8F	9.3
133.65	-4	75.8F	9.3
133.70	-5	75.8F	9.3
133.75	-4	75.8F	9.3
133.80	-6	75.8F	9.3
133.85	-4	75.8F	9.3
133.90	-5	75.8F	9.3
133.95	-5	75.8F	9.3
134.00	-6	75.8F	9.3
134.05	-5	75.8F	9.3
134.10	-4	75.8F	9.3
134.15	-6	75.8F	9.3
134.20	-6	75.8F	9.3
134.25	-7	75.8F	9.3
134.30	-7	75.8F	9.3
134.35	-8	75.8F	9.3
134.40	-6	75.8F	9.3
134.45	-7	75.8F	9.3
134.50	-7	75.8F	9.3
134.55	-6	75.8F	9.3
134.60	-7	75.8F	9.3
134.65	-6	75.8F	9.3
134.70	-6	75.8F	9.3
134.75	-7	75.8F	9.3
134.80	-4	75.8F	9.3
134.85	-5	75.8F	9.3
134.90	-6	75.8F	9.3
134.95	-6	75.8F	9.3
135.00	-7	75.8F	9.3
135.05	-7	75.8F	9.3
135.10	-6	75.8F	9.3
135.15	-5	75.8F	9.3
135.20	-6	75.8F	9.3
135.25	-6	75.8F	9.3
135.30	-6	75.8F	9.3
135.35	-6	75.8F	9.3
135.40	-7	75.8F	9.3
135.45	-6	75.8F	9.3
135.50	-7	75.8F	9.3
135.55	-7	75.8F	9.3
135.60	-7	75.8F	9.3
135.65	-6	75.8F	9.3
135.70	-5	75.8F	9.3
135.75	-6	75.8F	9.3
135.80	-6	75.8F	9.3
135.85	-6	75.8F	9.3
135.90	-5	75.8F	9.3
135.95	-7	75.8F	9.3
136.00	-6	75.8F	9.3
136.05	-6	75.8F	9.3
136.10	-5	75.8F	9.3
136.15	-6	75.8F	9.3
136.20	-7	75.8F	9.3
136.25	-7	75.8F	9.3
136.30	-6	75.8F	9.3
136.35	-8	75.8F	9.3
136.40	-7	75.8F	9.3
136.45	-7	75.8F	9.3
136.50	-8	75.8F	9.3
136.55	-9	75.8F	9.3
136.60	-6	75.8F	9.3
136.65	-7	75.8F	9.3
136.70	-7	75.8F	9.3
136.75	-7	75.8F	9.3
136.80	-6	75.8F	9.3
136.85	-5	75.8F	9.3
136.90	-6	75.8F	9.3
136.95	-7	75.8F	9.3
137.00	-7	75.8F	9.3
137.05	-8	75.8F	9.3
137.10	-7	75.8F	9.3
137.15	-6	75.8F	9.3
137.20	-6	75.8F	9.3
137.25	-6	75.8F	9.3
137.30	-7	75.8F	9.3
137.35	-6	75.8F	9.3
137.40	-7	75.8F	9.3
137.45	-7	75.7F	9.3
137.50	-6	75.8F	9.3
137.55	-7	75.8F	9.3
137.60	-5	75.8F	9.3
137.65	-7	75.8F	9.3
137.70	-7	75.8F	9.3
137.75	-7	75.8F	9.3
137.80	-7	75.8F	9.3
137.85	-6	75.8F	9.3
137.90	-7	75.8F	9.3
137.95	-7	75.8F	9.3
138.00	-6	75.8F	9.3
138.05	-7	75.8F	9.3
138.10	-8	75.8F	9.3
138.15	-6	75.8F	9.3
138.20	-6	75.8F	9.3
138.25	-7	75.8F	9.3
138.30	-7	75.8F	9.3
138.35	-7	75.8F	9.3
138.40	-7	75.8F	9.3
138.45	-7	75.8F	9.3
138.50	-5	75.8F	9.3
138.55	-6	75.8F	9.3
138.60	-7	75.8F	9.3
138.65	-7	75.8F	9.3
138.70	-5	75.8F	9.3
138.75	-5	75.8F	9.3
138.80	-6	75.8F	9.3
138.85	-6	75.8F	9.3
138.90	-4	75.8F	9.3
138.95	-5	75.8F	9.3
139.00	-4	75.8F	9.3
139.05	-6	75.8F	9.3
139.10	-5	75.8F	9.3
139.15	-7	75.8F	9.3
139.20	-6	75.8F	9.3
139.25	-6	75.8F	9.3
139.30	-5	75.8F	9.3
139.35	-7	75.8F	9.3
139.40	-6	75.8F	9.3
139.45	-6	75.8F	9.3
139.50	-5	75.8F	9.3
139.55	-5	75.8F	9.3
139.60	-7	75.8F	9.3
139.65	-7	75.8F	9.3
139.70	-8	75.8F	9.3
139.75	-6	75.8F	9.3
139.80	-7	75.8F	9.3
139.85	-7	75.8F	9.3
139.90	-7	75.8F	9.3
139.95	-7	75.8F	9.3
