0.00	0	75.4F	8.8
0.05	1	75.4F	8.8
0.10	1	75.4F	8.8
0.15	0	75.4F	8.8
0.20	3	75.4F	8.8
0.25	2	75.4F	8.8
0.30	2	75.4F	8.8
0.35	1	75.4F	8.8
0.40	2	75.4F	8.8
0.45	0	75.4F	8.8
0.50	3	75.4F	8.8
0.55	3	75.4F	8.8
0.60	5	75.4F	8.8
0.65	10	75.4F	8.8
0.70	13	75.4F	8.8
0.75	18	75.4F	8.8
0.80	24	75.4F	8.8
0.85	32	75.4F	8.8
0.90	41	75.4F	8.8
0.95	52	75.4F	8.8
1.00	67	75.4F	8.8
1.05	84	75.3F	8.8
1.10	102	75.4F	8.8
1.15	113	75.4F	8.8
1.20	126	75.4F	8.8
1.25	139	75.4F	8.8
1.30	150	75.4F	8.8
1.35	155	75.4F	8.8
1.40	163	75.4F	8.8
1.45	177	75.4F	8.8
1.50	197	75.4F	8.8
1.55	220	75.4F	8.8
1.60	238	75.4F	8.8
1.65	260	75.4F	8.8
1.70	281	75.4F	8.8
1.75	300	75.4F	8.8
1.80	319	75.4F	8.8
1.85	340	75.4F	8.8
1.90	367	75.4F	8.8
1.95	400	75.4F	8.8
2.00	428	75.4F	8.8
2.05	459	75.4F	8.8
2.10	480	75.4F	8.8
2.15	500	75.4F	8.8
2.20	518	75.4F	8.8
2.25	559	75.4F	8.8
2.30	594	75.4F	8.8
2.35	625	75.4F	8.8
2.40	646	75.4F	8.8
2.45	673	75.4F	8.8
2.50	693	75.4F	8.8
2.55	723	75.4F	8.8
2.60	764	75.4F	8.8
2.65	811	75.4F	8.8
2.70	848	75.4F	8.8
2.75	870	75.4F	8.8
2.80	891	75.4F	8.8
2.85	942	75.4F	8.8
2.90	993	75.4F	8.8
2.95	1029	75.4F	8.8
3.00	1056	75.4F	8.8
3.05	1106	75.4F	8.8
3.10	1162	75.5F	8.8
3.15	1200	75.5F	8.8
3.20	1239	75.5F	8.8
3.25	1282	75.5F	8.8
3.30	1336	75.5F	8.8
3.35	1381	75.5F	8.8
3.40	1425	75.5F	8.8
3.45	1473	75.5F	8.8
3.50	1519	75.6F	8.8
3.55	1574	75.6F	8.8
3.60	1629	75.6F	8.8
3.65	1693	75.6F	8.8
3.70	1750	75.6F	8.8
3.75	1802	75.6F	8.8
3.80	1851	75.6F	8.8
3.85	1903	75.6F	8.8
3.90	1958	75.6F	8.8
3.95	2010	75.6F	8.8
4.00	2060	75.7F	8.8
4.05	2112	75.6F	8.8
4.10	2168	75.7F	8.8
4.15	2218	75.7F	8.8
4.20	2270	75.7F	8.8
4.25	2320	75.7F	8.8
4.30	2379	75.7F	8.8
4.35	2441	75.7F	8.8
4.40	2481	75.7F	8.8
4.45	2536	75.7F	8.8
4.50	2603	75.7F	8.8
4.55	2654	75.7F	8.8
4.60	2702	75.7F	8.8
4.65	2750	75.7F	8.8
4.70	2806	75.7F	8.8
4.75	2860	75.7F	8.8
4.80	2920	75.7F	8.8
4.85	2966	75.8F	8.8
4.90	3016	75.7F	8.8
4.95	3060	75.8F	8.8
5.00	3117	75.8F	8.8
5.05	3160	75.8F	8.8
5.10	3204	75.8F	8.8
5.15	3259	75.8F	8.8
5.20	3300	75.8F	8.8
5.25	3342	75.8F	8.8
5.30	3392	75.8F	8.8
5.35	3440	75.8F	8.8
5.40	3480	75.8F	8.8
5.45	3522	75.8F	8.8
5.50	3570	75.8F	8.8
5.55	3616	75.8F	8.8
5.60	3657	75.8F	8.8
5.65	3705	75.8F	8.8
5.70	3743	75.8F	8.8
5.75	3780	75.8F	8.8
5.80	3826	75.8F	8.8
5.85	3875	75.8F	8.8
5.90	3915	75.8F	8.8
5.95	3954	75.8F	8.8
6.00	3997	75.8F	8.8
6.05	4039	75.8F	8.8
6.10	4081	75.8F	8.8
6.15	4120	75.8F	8.8
6.20	4158	75.8F	8.8
6.25	4203	75.8F	8.8
6.30	4240	75.8F	8.8
6.35	4281	75.8F	8.8
6.40	4320	75.8F	8.8
6.45	4359	75.9F	8.8
6.50	4398	75.9F	8.8
6.55	4438	75.9F	8.8
6.60	4476	75.8F	8.8
6.65	4514	75.9F	8.8
6.70	4553	75.9F	8.8
6.75	4588	75.9F	8.8
6.80	4627	75.8F	8.8
6.85	4665	75.8F	8.8
6.90	4703	75.9F	8.8
6.95	4742	75.8F	8.8
7.00	4777	75.9F	8.8
7.05	4812	75.9F	8.8
7.10	4848	75.9F	8.8
7.15	4888	75.8F	8.8
7.20	4926	75.8F	8.8
7.25	4959	75.9F	8.8
7.30	4995	75.8F	8.8
7.35	5027	75.9F	8.8
7.40	5063	75.8F	8.8
7.45	5099	75.9F	8.8
7.50	5132	75.9F	8.8
7.55	5168	75.9F	8.8
7.60	5205	75.9F	8.8
7.65	5238	75.9F	8.8
7.70	5272	75.9F	8.8
7.75	5304	75.9F	8.8
7.80	5336	75.9F	8.8
7.85	5369	75.9F	8.8
7.90	5401	75.9F	8.8
7.95	5435	75.9F	8.8
8.00	5469	75.9F	8.8
8.05	5503	75.9F	8.8
8.10	5535	75.9F	8.8
8.15	5565	75.9F	8.8
8.20	5600	75.9F	8.8
8.25	5631	75.9F	8.8
8.30	5660	75.9F	8.8
8.35	5692	75.9F	8.8
8.40	5726	75.9F	8.8
8.45	5761	75.9F	8.8
8.50	5794	75.9F	8.8
8.55	5821	75.9F	8.8
8.60	5847	75.9F	8.8
8.65	5878	75.9F	8.8
8.70	5908	75.9F	8.8
8.75	5939	75.9F	8.8
8.80	5971	75.9F	8.8
8.85	5999	75.9F	8.8
8.90	6030	75.9F	8.8
8.95	6058	75.9F	8.8
9.00	6089	75.9F	8.8
9.05	6119	75.9F	8.8
9.10	6148	75.9F	8.8
9.15	6174	75.9F	8.8
9.20	6204	75.9F	8.8
9.25	6234	75.9F	8.8
9.30	6263	75.9F	8.8
9.35	6291	75.9F	8.8
9.40	6320	75.9F	8.8
9.45	6347	75.9F	8.8
9.50	6376	75.9F	8.8
9.55	6404	75.9F	8.8
9.60	6428	75.9F	8.8
9.65	6457	75.9F	8.8
9.70	6485	75.9F	8.8
9.75	6513	75.9F	8.8
9.80	6540	75.9F	8.8
9.85	6566	75.9F	8.8
9.90	6591	75.9F	8.8
9.95	6616	75.9F	8.8
10.00	6641	75.9F	8.8
10.05	6671	75.9F	8.8
10.10	6696	75.9F	8.8
10.15	6723	75.9F	8.8
10.20	6747	75.9F	8.8
10.25	6775	75.9F	8.8
10.30	6800	75.9F	8.8
10.35	6825	75.9F	8.8
10.40	6849	75.9F	8.8
10.45	6877	75.9F	8.8
10.50	6900	75.9F	8.8
10.55	6927	75.9F	8.8
10.60	6951	75.9F	8.8
10.65	6974	75.9F	8.8
10.70	7000	75.9F	8.8
10.75	7024	75.9F	8.8
10.80	7048	75.9F	8.8
10.85	7074	75.9F	8.8
10.90	7095	75.9F	8.8
10.95	7117	75.9F	8.8
11.00	7140	75.9F	8.8
11.05	7165	75.9F	8.8
11.10	7190	75.9F	8.8
11.15	7211	75.9F	8.8
11.20	7237	75.9F	8.8
11.25	7257	75.9F	8.8
11.30	7282	75.9F	8.8
11.35	7305	75.9F	8.8
11.40	7329	75.9F	8.8
11.45	7349	75.9F	8.8
11.50	7372	75.9F	8.8
11.55	7393	75.9F	8.8
11.60	7417	75.9F	8.8
11.65	7440	75.9F	8.8
11.70	7462	75.9F	8.8
11.75	7483	75.9F	8.8
11.80	7504	75.9F	8.8
11.85	7529	75.9F	8.8
11.90	7549	75.9F	8.8
11.95	7571	75.9F	8.8
12.00	7591	75.9F	8.8
12.05	7613	75.9F	8.8
12.10	7633	75.9F	8.8
12.15	7653	75.9F	8.8
12.20	7675	75.9F	8.8
12.25	7696	75.9F	8.8
12.30	7718	75.9F	8.8
12.35	7739	75.9F	8.8
12.40	7758	75.9F	8.8
12.45	7778	75.9F	8.8
12.50	7797	75.9F	8.8
12.55	7819	75.9F	8.8
12.60	7836	75.9F	8.8
12.65	7857	75.9F	8.8
12.70	7876	75.9F	8.8
12.75	7893	75.9F	8.8
12.80	7914	75.9F	8.8
12.85	7932	75.9F	8.8
12.90	7953	75.9F	8.8
12.95	7971	75.9F	8.8
13.00	7990	75.9F	8.8
13.05	8007	75.9F	8.8
13.10	8027	75.9F	8.8
13.15	8046	75.9F	8.8
13.20	8066	75.9F	8.8
13.25	8083	75.9F	8.8
13.30	8103	75.9F	8.8
13.35	8120	75.9F	8.8
13.40	8139	75.9F	8.8
13.45	8157	75.9F	8.8
13.50	8176	75.9F	8.8
13.55	8191	75.9F	8.8
13.60	8208	75.9F	8.8
13.65	8226	75.9F	8.8
13.70	8244	75.9F	8.8
13.75	8262	75.9F	8.8
13.80	8279	75.9F	8.8
13.85	8296	75.9F	8.8
13.90	8314	75.9F	8.8
13.95	8331	75.9F	8.8
14.00	8346	75.9F	8.8
14.05	8363	75.9F	8.8
14.10	8380	75.9F	8.8
14.15	8397	75.9F	8.8
14.20	8411	75.9F	8.8
14.25	8428	75.9F	8.8
14.30	8444	75.9F	8.8
14.35	8461	75.9F	8.8
14.40	8475	75.9F	8.8
14.45	8492	75.9F	8.8
14.50	8508	75.9F	8.8
14.55	8524	75.9F	8.8
14.60	8538	75.9F	8.8
14.65	8554	75.9F	8.8
14.70	8570	75.9F	8.8
14.75	8587	75.9F	8.8
14.80	8603	75.9F	8.8
14.85	8617	75.9F	8.8
14.90	8632	75.9F	8.8
14.95	8647	75.9F	8.8
15.00	8662	75.9F	8.8
15.05	8677	75.9F	8.8
15.10	8690	75.9F	8.8
15.15	8706	75.9F	8.8
15.20	8718	75.9F	8.8
15.25	8733	75.9F	8.8
15.30	8750	75.9F	8.8
15.35	8765	75.9F	8.8
15.40	8777	75.9F	8.8
15.45	8792	75.9F	8.8
15.50	8806	75.9F	8.8
15.55	8819	75.9F	8.8
15.60	8833	75.9F	8.8
15.65	8847	75.9F	8.8
15.70	8859	75.9F	8.8
15.75	8874	75.9F	8.8
15.80	8886	75.9F	8.8
15.85	8900	75.9F	8.8
15.90	8913	75.9F	8.8
15.95	8925	75.9F	8.8
16.00	8939	75.9F	8.8
16.05	8952	75.9F	8.8
16.10	8963	75.9F	8.8
16.15	8975	75.9F	8.8
16.20	8989	75.9F	8.8
16.25	9003	75.9F	8.8
16.30	9013	75.9F	8.8
16.35	9026	75.9F	8.8
16.40	9037	75.9F	8.8
16.45	9051	75.9F	8.8
16.50	9062	75.9F	8.8
16.55	9072	75.9F	8.8
16.60	6135	75.9F	8.8
16.65	9143	75.9F	8.8
16.70	9189	75.9F	8.8
16.75	9203	75.9F	8.8
16.80	9401	75.9F	8.8
16.85	9391	76.0F	8.8
16.90	9250	75.9F	8.8
16.95	9256	75.9F	8.8
17.00	9228	76.0F	8.8
17.05	9254	76.0F	8.8
17.10	9343	76.0F	8.8
17.15	9127	75.9F	8.8
17.20	9203	76.0F	8.8
17.25	9217	76.0F	8.8
17.30	9221	76.0F	8.8
17.35	9285	76.0F	8.8
17.40	9292	76.0F	8.8
17.45	9283	76.0F	8.8
17.50	9235	76.0F	8.8
17.55	9250	76.0F	8.8
17.60	9340	76.0F	8.8
17.65	9359	76.0F	8.8
17.70	9236	76.0F	8.8
17.75	9272	76.0F	8.8
17.80	9275	76.0F	8.8
17.85	9310	76.0F	8.8
17.90	9296	76.0F	8.8
17.95	9299	76.0F	8.8
18.00	9284	76.0F	8.8
18.05	9321	76.0F	8.8
18.10	9308	76.0F	8.8
18.15	9299	76.0F	8.8
18.20	9298	76.0F	8.8
18.25	9287	76.0F	8.8
18.30	9289	76.0F	8.8
18.35	9303	76.0F	8.8
18.40	9304	76.0F	8.8
18.45	9314	76.0F	8.8
18.50	9311	76.0F	8.8
18.55	9314	76.0F	8.8
18.60	9316	76.0F	8.8
18.65	9313	76.0F	8.8
18.70	9314	76.0F	8.8
18.75	9303	76.0F	8.8
18.80	9307	76.0F	8.8
18.85	9318	76.0F	8.8
18.90	9321	76.0F	8.8
18.95	9321	76.0F	8.8
19.00	9320	76.0F	8.8
19.05	9320	76.0F	8.8
19.10	9321	76.0F	8.8
19.15	9319	76.0F	8.8
19.20	9321	76.0F	8.8
19.25	9320	76.0F	8.8
19.30	9318	76.0F	8.8
19.35	9319	76.0F	8.8
19.40	9321	76.0F	8.8
19.45	9319	76.0F	8.8
19.50	9318	76.0F	8.8
19.55	9318	76.0F	8.8
19.60	9319	76.0F	8.8
19.65	9318	76.0F	8.8
19.70	9319	76.0F	8.8
19.75	9317	76.0F	8.8
19.80	9318	76.0F	8.8
19.85	9318	76.0F	8.8
19.90	9319	76.0F	8.8
19.95	9320	76.0F	8.8
20.00	9320	76.0F	8.8
20.05	9320	76.0F	8.8
20.10	9319	76.0F	8.8
20.15	9317	76.0F	8.8
20.20	9316	76.0F	8.8
20.25	9315	76.0F	8.8
20.30	9314	76.0F	8.8
20.35	9314	76.0F	8.8
20.40	9312	76.0F	8.8
20.45	9307	76.0F	8.8
20.50	9307	76.0F	8.8
20.55	9306	76.0F	8.8
20.60	9303	76.0F	8.8
20.65	9301	76.0F	8.8
20.70	9301	76.0F	8.8
20.75	9301	76.0F	8.8
20.80	9299	76.0F	8.8
20.85	9299	76.0F	8.8
20.90	9298	76.0F	8.8
20.95	9298	76.0F	8.8
21.00	9306	76.0F	8.8
21.05	9303	76.0F	8.8
21.10	9301	76.0F	8.8
21.15	9298	76.0F	8.8
21.20	9293	76.0F	8.8
21.25	9288	76.0F	8.8
21.30	9288	76.0F	8.8
21.35	9284	76.0F	8.8
21.40	9281	76.0F	8.8
21.45	9281	76.0F	8.8
21.50	9280	76.0F	8.8
21.55	9282	76.0F	8.8
21.60	9280	76.0F	8.8
21.65	9279	76.0F	8.8
21.70	9263	76.0F	8.8
21.75	9253	76.0F	8.8
21.80	9254	76.0F	8.8
21.85	9251	76.0F	8.8
21.90	9252	76.0F	8.8
21.95	9251	76.0F	8.8
22.00	9251	76.0F	8.8
22.05	9262	76.0F	8.8
22.10	9264	76.0F	8.8
22.15	9271	76.0F	8.8
22.20	9257	76.0F	8.8
22.25	9258	76.0F	8.8
22.30	9256	76.0F	8.8
22.35	9207	76.0F	8.8
22.40	9229	76.0F	8.8
22.45	9264	76.0F	8.8
22.50	9296	76.0F	8.8
22.55	9255	76.0F	8.8
22.60	9270	76.0F	8.8
22.65	9278	76.0F	8.8
22.70	9250	76.0F	8.8
22.75	9257	76.0F	8.8
22.80	9244	76.0F	8.8
22.85	9233	76.0F	8.8
22.90	9222	76.0F	8.8
22.95	9217	76.0F	8.8
23.00	9222	76.0F	8.8
23.05	9198	76.0F	8.8
23.10	9150	76.0F	8.8
23.15	9197	76.0F	8.8
23.20	9233	76.0F	8.8
23.25	9236	76.0F	8.8
23.30	9263	76.0F	8.8
23.35	9231	76.0F	8.8
23.40	9225	76.0F	8.8
23.45	9230	76.0F	8.8
23.50	9142	76.0F	8.8
23.55	9180	76.0F	8.8
23.60	9212	76.0F	8.8
23.65	9201	76.0F	8.8
23.70	9207	76.0F	8.8
23.75	9195	76.0F	8.8
23.80	9190	76.0F	8.8
23.85	9135	76.0F	8.8
23.90	9116	76.0F	8.8
23.95	9118	76.0F	8.8
24.00	9167	76.0F	8.8
24.05	9183	76.0F	8.8
24.10	9178	76.0F	8.8
24.15	9179	76.0F	8.8
24.20	9182	76.0F	8.8
24.25	9199	76.0F	8.8
24.30	9122	76.0F	8.8
24.35	9116	76.0F	8.8
24.40	9172	76.0F	8.8
24.45	9177	76.0F	8.8
24.50	9189	76.0F	8.8
24.55	9197	76.1F	8.8
24.60	9179	76.0F	8.8
24.65	9156	76.0F	8.8
24.70	9148	76.0F	8.8
24.75	9151	76.0F	8.8
24.80	9136	76.0F	8.8
24.85	9130	76.0F	8.8
24.90	9119	76.0F	8.8
24.95	9128	76.0F	8.8
25.00	9072	76.0F	8.8
25.05	9044	76.0F	8.8
25.10	9051	76.0F	8.8
25.15	9087	76.0F	8.8
25.20	9103	76.0F	8.8
25.25	9107	76.0F	8.8
25.30	9112	76.0F	8.8
25.35	9127	76.0F	8.8
25.40	9120	76.0F	8.8
25.45	9089	76.0F	8.8
25.50	9071	76.0F	8.8
25.55	9062	76.0F	8.8
25.60	9124	76.0F	8.8
25.65	9121	76.0F	8.8
25.70	9067	76.0F	8.8
25.75	9033	76.0F	8.8
25.80	9026	76.0F	8.8
25.85	9021	76.0F	8.8
25.90	9011	76.0F	8.8
25.95	9001	76.0F	8.8
26.00	8975	76.0F	8.8
26.05	9001	76.0F	8.8
26.10	9035	76.0F	8.8
26.15	9060	76.0F	8.8
26.20	9070	76.0F	8.8
26.25	9070	76.0F	8.8
26.30	9041	76.0F	8.8
26.35	9022	76.0F	8.8
26.40	9001	76.0F	8.8
26.45	8960	76.0F	8.8
26.50	8932	76.0F	8.8
26.55	8965	76.0F	8.8
26.60	9014	76.0F	8.8
26.65	9030	76.0F	8.8
26.70	8984	76.0F	8.8
26.75	8930	76.0F	8.8
26.80	8956	76.0F	8.8
26.85	8990	76.0F	8.8
26.90	9018	76.0F	8.8
26.95	9022	76.0F	8.8
27.00	9001	76.0F	8.8
27.05	9026	76.0F	8.8
27.10	9034	76.0F	8.8
27.15	9022	76.0F	8.8
27.20	8937	76.0F	8.8
27.25	8891	76.0F	8.8
27.30	8923	76.0F	8.8
27.35	8985	76.0F	8.8
27.40	8981	76.0F	8.8
27.45	8978	76.0F	8.8
27.50	8974	76.0F	8.8
27.55	8991	76.0F	8.8
27.60	8894	76.0F	8.8
27.65	8913	76.0F	8.8
27.70	8954	76.0F	8.8
27.75	8950	76.0F	8.8
27.80	8950	76.0F	8.8
27.85	8942	76.0F	8.8
27.90	8945	76.0F	8.8
27.95	8939	76.0F	8.8
28.00	8886	76.0F	8.8
28.05	8831	76.0F	8.8
28.10	8841	76.0F	8.8
28.15	8854	76.0F	8.8
28.20	8869	76.0F	8.8
28.25	8848	76.0F	8.8
28.30	8846	76.0F	8.8
28.35	8856	76.0F	8.8
28.40	8839	76.0F	8.8
28.45	8806	76.0F	8.8
28.50	8940	76.0F	8.8
28.55	8885	76.0F	8.8
28.60	8864	76.0F	8.8
28.65	8860	76.0F	8.8
28.70	8858	76.0F	8.8
28.75	8863	76.0F	8.8
28.80	8870	76.0F	8.8
28.85	8863	76.0F	8.8
28.90	8880	76.0F	8.8
28.95	8894	76.0F	8.8
29.00	8877	76.0F	8.8
29.05	8880	76.0F	8.8
29.10	8870	76.0F	8.8
29.15	8858	76.0F	8.8
29.20	8852	76.0F	8.8
29.25	8843	76.0F	8.8
29.30	8851	76.0F	8.8
29.35	8887	76.0F	8.8
29.40	8897	76.0F	8.8
29.45	8855	76.0F	8.8
29.50	8818	76.0F	8.8
29.55	8766	76.0F	8.8
29.60	8788	76.0F	8.8
29.65	8809	76.0F	8.8
29.70	8811	76.0F	8.8
29.75	8807	76.0F	8.8
29.80	8795	76.0F	8.8
29.85	8801	76.0F	8.8
29.90	8807	76.0F	8.8
29.95	8811	76.0F	8.8
30.00	8800	76.0F	8.8
30.05	8785	76.0F	8.8
30.10	8781	76.0F	8.8
30.15	8778	76.0F	8.8
30.20	8781	76.0F	8.8
30.25	8778	76.0F	8.8
30.30	8785	76.0F	8.8
30.35	8789	76.0F	8.8
30.40	8783	76.0F	8.8
30.45	8778	76.0F	8.8
30.50	8775	76.0F	8.8
30.55	8754	76.0F	8.8
30.60	8731	76.0F	8.8
30.65	8766	76.0F	8.8
30.70	8757	76.0F	8.8
30.75	8736	76.0F	8.8
30.80	8690	76.0F	8.8
30.85	8710	76.0F	8.8
30.90	8702	76.0F	8.8
30.95	8721	76.0F	8.8
31.00	8732	76.0F	8.8
31.05	8739	76.0F	8.8
31.10	8728	76.0F	8.8
31.15	8724	76.0F	8.8
31.20	8699	76.0F	8.8
31.25	8695	76.0F	8.8
31.30	8704	76.0F	8.8
31.35	8704	76.0F	8.8
31.40	8653	76.0F	8.8
31.45	8660	76.0F	8.8
31.50	8753	76.0F	8.8
31.55	8717	76.0F	8.8
31.60	8707	76.0F	8.8
31.65	8738	76.0F	8.8
31.70	8641	76.0F	8.8
31.75	8653	76.0F	8.8
31.80	8702	76.0F	8.8
31.85	8685	76.0F	8.8
31.90	8665	76.0F	8.8
31.95	8659	76.0F	8.8
32.00	8655	76.0F	8.8
32.05	8658	76.0F	8.8
32.10	8667	76.0F	8.8
32.15	8670	76.0F	8.8
32.20	8643	76.0F	8.8
32.25	8584	76.0F	8.8
32.30	8577	76.0F	8.8
32.35	8608	76.0F	8.8
32.40	8582	76.0F	8.8
32.45	8586	76.0F	8.8
32.50	8593	76.0F	8.8
32.55	8562	76.0F	8.8
32.60	8599	76.0F	8.8
32.65	8655	76.0F	8.8
32.70	8635	76.0F	8.8
32.75	8632	76.0F	8.8
32.80	8635	76.0F	8.8
32.85	8640	76.0F	8.8
32.90	8642	76.0F	8.8
32.95	8643	76.0F	8.8
33.00	8625	76.0F	8.8
33.05	8613	76.0F	8.8
33.10	8583	76.0F	8.8
33.15	8539	76.0F	8.8
33.20	8508	76.0F	8.8
33.25	8536	76.0F	8.8
33.30	8563	76.0F	8.8
33.35	8569	76.0F	8.8
33.40	8545	76.0F	8.8
33.45	8520	76.0F	8.8
33.50	8502	76.0F	8.8
33.55	8500	76.0F	8.8
33.60	8495	76.0F	8.8
33.65	8485	76.0F	8.8
33.70	8476	76.0F	8.8
33.75	8468	76.0F	8.8
33.80	8468	76.0F	8.8
33.85	8513	76.0F	8.8
33.90	8572	76.0F	8.8
33.95	8597	76.0F	8.8
34.00	8581	76.0F	8.8
34.05	8572	76.0F	8.8
34.10	8564	76.0F	8.8
34.15	8561	76.0F	8.8
34.20	8541	76.0F	8.8
34.25	8492	76.0F	8.8
34.30	8443	76.0F	8.8
34.35	8424	76.0F	8.8
34.40	8425	76.0F	8.8
34.45	8422	76.0F	8.8
34.50	8418	76.0F	8.8
34.55	8427	76.0F	8.8
34.60	8459	76.0F	8.8
34.65	8499	76.0F	8.8
34.70	8517	76.0F	8.8
34.75	8493	76.0F	8.8
34.80	8496	76.0F	8.8
34.85	8502	76.0F	8.8
34.90	8512	76.0F	8.8
34.95	8499	76.0F	8.8
35.00	8495	76.0F	8.8
35.05	8501	76.0F	8.8
35.10	8529	76.0F	8.8
35.15	8552	76.0F	8.8
35.20	8535	76.0F	8.8
35.25	8453	76.0F	8.8
35.30	8375	76.0F	8.8
35.35	8364	76.0F	8.8
35.40	8360	76.0F	8.8
35.45	8367	76.0F	8.8
35.50	8390	76.0F	8.8
35.55	8425	76.0F	8.8
35.60	8427	76.0F	8.8
35.65	8421	76.0F	8.8
35.70	8434	76.0F	8.8
35.75	8465	76.0F	8.8
35.80	8434	76.0F	8.8
35.85	8441	76.0F	8.8
35.90	8445	76.0F	8.8
35.95	8451	76.0F	8.8
36.00	8455	76.0F	8.8
36.05	8433	76.0F	8.8
36.10	8421	76.0F	8.8
36.15	8421	76.0F	8.8
36.20	8398	76.0F	8.8
36.25	8404	76.0F	8.8
36.30	8403	76.0F	8.8
36.35	8384	76.0F	8.8
36.40	8424	76.0F	8.8
36.45	8463	76.0F	8.8
36.50	8397	76.0F	8.8
36.55	8393	76.0F	8.8
36.60	8372	76.0F	8.8
36.65	8328	76.0F	8.8
36.70	8289	76.0F	8.8
36.75	8298	76.0F	8.8
36.80	8273	76.0F	8.8
36.85	8271	76.0F	8.8
36.90	8277	76.0F	8.8
36.95	8278	76.0F	8.8
37.00	8278	76.0F	8.8
37.05	8277	76.0F	8.8
37.10	8274	76.0F	8.8
37.15	8273	76.0F	8.8
37.20	8272	76.0F	8.8
37.25	8270	76.0F	8.8
37.30	8263	76.0F	8.8
37.35	8252	76.0F	8.8
37.40	8243	76.0F	8.8
37.45	8232	76.0F	8.8
37.50	8232	76.0F	8.8
37.55	8267	76.0F	8.8
37.60	8306	76.0F	8.8
37.65	8324	76.0F	8.8
37.70	8332	76.0F	8.8
37.75	8327	76.0F	8.8
37.80	8299	76.0F	8.8
37.85	8272	76.0F	8.8
37.90	8291	76.0F	8.8
37.95	8279	76.0F	8.8
38.00	8236	76.0F	8.8
38.05	8228	76.0F	8.8
38.10	8265	76.0F	8.8
38.15	8295	76.0F	8.8
38.20	8307	76.0F	8.8
38.25	8269	76.0F	8.8
38.30	8188	76.0F	8.8
38.35	8183	76.0F	8.8
38.40	8189	75.9F	8.8
38.45	8183	76.0F	8.8
38.50	8295	76.0F	8.8
38.55	8251	76.0F	8.8
38.60	8245	76.0F	8.8
38.65	8245	76.0F	8.8
38.70	8196	76.0F	8.8
38.75	8176	76.0F	8.8
38.80	8240	76.0F	8.8
38.85	8260	76.0F	8.8
38.90	8233	76.0F	8.8
38.95	8226	76.0F	8.8
39.00	8242	76.0F	8.8
39.05	8231	76.0F	8.8
39.10	8229	75.9F	8.8
39.15	8222	76.0F	8.8
39.20	8231	75.9F	8.8
39.25	8220	76.0F	8.8
39.30	8210	75.9F	8.8
39.35	8199	76.0F	8.8
39.40	8212	75.9F	8.8
39.45	8202	75.9F	8.8
39.50	8195	76.0F	8.8
39.55	8192	75.9F	8.8
39.60	8186	75.9F	8.8
39.65	8184	75.9F	8.8
39.70	8178	75.9F	8.8
39.75	8174	75.9F	8.8
39.80	8181	75.9F	8.8
39.85	8103	75.9F	8.8
39.90	8071	75.9F	8.8
39.95	8088	75.9F	8.8
40.00	8091	75.9F	8.8
40.05	8103	75.9F	8.8
40.10	8145	75.9F	8.8
40.15	8153	75.9F	8.8
40.20	8094	75.9F	8.8
40.25	8133	75.9F	8.8
40.30	8149	75.9F	8.8
40.35	8145	75.9F	8.8
40.40	8138	75.9F	8.8
40.45	8137	75.9F	8.8
40.50	8150	75.9F	8.8
40.55	8127	75.9F	8.8
40.60	8123	75.9F	8.8
40.65	8128	75.9F	8.8
40.70	8122	75.9F	8.8
40.75	8116	75.9F	8.8
40.80	8110	75.9F	8.8
40.85	8102	75.9F	8.8
40.90	8131	75.9F	8.8
40.95	8115	75.9F	8.8
41.00	8104	75.9F	8.8
41.05	8103	75.9F	8.8
41.10	8117	75.9F	8.8
41.15	8097	75.9F	8.8
41.20	8103	75.9F	8.8
41.25	8094	75.9F	8.8
41.30	8100	75.9F	8.8
41.35	8121	75.9F	8.8
41.40	8111	75.9F	8.8
41.45	8126	75.9F	8.8
41.50	8124	75.9F	8.8
41.55	8072	75.9F	8.8
41.60	7990	75.9F	8.8
41.65	7953	75.9F	8.8
41.70	7964	75.9F	8.8
41.75	7993	75.9F	8.8
41.80	8023	75.9F	8.8
41.85	8043	75.9F	8.8
41.90	8040	75.9F	8.8
41.95	8015	75.9F	8.8
42.00	8004	75.9F	8.8
42.05	7999	75.9F	8.8
42.10	8005	75.9F	8.8
42.15	8004	75.9F	8.8
42.20	8017	75.9F	8.8
42.25	8010	75.9F	8.8
42.30	8037	75.9F	8.8
42.35	7989	75.9F	8.8
42.40	7938	75.9F	8.8
42.45	7910	75.9F	8.8
42.50	7901	75.9F	8.8
42.55	7910	75.9F	8.8
42.60	7914	75.9F	8.8
42.65	7913	75.9F	8.8
42.70	7927	75.9F	8.8
42.75	7924	75.9F	8.8
42.80	7915	75.9F	8.8
42.85	7909	75.9F	8.8
42.90	7907	75.9F	8.8
42.95	7903	75.9F	8.8
43.00	7901	75.9F	8.8
43.05	7901	75.9F	8.8
43.10	7899	75.9F	8.8
43.15	7897	75.9F	8.8
43.20	7898	75.9F	8.8
43.25	7898	75.9F	8.8
43.30	7899	75.9F	8.8
43.35	7899	75.9F	8.8
43.40	7887	75.9F	8.8
43.45	7871	75.9F	8.8
43.50	7861	75.9F	8.8
43.55	7862	75.9F	8.8
43.60	7885	75.9F	8.8
43.65	7901	75.9F	8.8
43.70	7900	75.9F	8.8
43.75	7892	75.9F	8.8
43.80	7895	75.9F	8.8
43.85	7883	75.9F	8.8
43.90	7863	75.9F	8.8
43.95	7846	75.9F	8.8
44.00	7845	75.9F	8.8
44.05	7855	75.9F	8.8
44.10	7860	75.9F	8.8
44.15	7869	75.8F	8.8
44.20	7867	75.8F	8.8
44.25	7872	75.9F	8.8
44.30	7858	75.9F	8.8
44.35	7847	75.9F	8.8
44.40	7854	75.8F	8.8
44.45	7840	75.9F	8.8
44.50	7840	75.9F	8.8
44.55	7839	75.8F	8.8
44.60	7834	75.8F	8.8
44.65	7835	75.9F	8.8
44.70	7833	75.8F	8.8
44.75	7825	75.8F	8.8
44.80	7823	75.8F	8.8
44.85	7807	75.8F	8.8
44.90	7773	75.8F	8.8
44.95	7789	75.9F	8.8
45.00	7825	75.8F	8.8
45.05	7818	75.8F	8.8
45.10	7809	75.8F	8.8
45.15	7806	75.8F	8.8
45.20	7796	75.8F	8.8
45.25	7794	75.8F	8.8
45.30	7792	75.8F	8.8
45.35	7792	75.8F	8.8
45.40	7790	75.8F	8.8
45.45	7787	75.8F	8.8
45.50	7771	75.8F	8.8
45.55	7739	75.8F	8.8
45.60	7738	75.8F	8.8
45.65	7755	75.8F	8.8
45.70	7771	75.8F	8.8
45.75	7783	75.8F	8.8
45.80	7776	75.8F	8.8
45.85	7770	75.8F	8.8
45.90	7763	75.8F	8.8
45.95	7759	75.8F	8.8
46.00	7757	75.8F	8.8
46.05	7756	75.8F	8.8
46.10	7752	75.8F	8.8
46.15	7750	75.8F	8.8
46.20	7746	75.8F	8.8
46.25	7746	75.8F	8.8
46.30	7741	75.8F	8.8
46.35	7738	75.8F	8.8
46.40	7741	75.8F	8.8
46.45	7743	75.8F	8.8
46.50	7743	75.8F	8.8
46.55	7735	75.8F	8.8
46.60	7728	75.8F	8.8
46.65	7720	75.8F	8.8
46.70	7709	75.8F	8.8
46.75	7701	75.8F	8.8
46.80	7688	75.8F	8.8
46.85	7670	75.8F	8.8
46.90	7655	75.8F	8.8
46.95	7653	75.8F	8.8
47.00	7666	75.8F	8.8
47.05	7688	75.8F	8.8
47.10	7707	75.8F	8.8
47.15	7737	75.8F	8.8
47.20	7743	75.8F	8.8
47.25	7702	75.8F	8.8
47.30	7684	75.8F	8.8
47.35	7661	75.8F	8.8
47.40	7645	75.8F	8.8
47.45	7678	75.8F	8.8
47.50	7705	75.8F	8.8
47.55	7684	75.8F	8.8
47.60	7669	75.8F	8.8
47.65	7662	75.8F	8.8
47.70	7660	75.8F	8.8
47.75	7660	75.8F	8.8
47.80	7657	75.8F	8.8
47.85	7653	75.8F	8.8
47.90	7647	75.8F	8.8
47.95	7645	75.8F	8.8
48.00	7658	75.8F	8.8
48.05	7656	75.8F	8.8
48.10	7653	75.8F	8.8
48.15	7643	75.8F	8.8
48.20	7648	75.8F	8.8
48.25	7600	75.8F	8.8
48.30	7572	75.8F	8.8
48.35	7592	75.8F	8.8
48.40	7620	75.8F	8.8
48.45	7637	75.8F	8.8
48.50	7623	75.8F	8.8
48.55	7612	75.8F	8.8
48.60	7609	75.8F	8.8
48.65	7612	75.8F	8.8
48.70	7602	75.8F	8.8
48.75	7602	75.8F	8.8
48.80	7597	75.8F	8.8
48.85	7603	75.8F	8.8
48.90	7601	75.8F	8.8
48.95	7594	75.8F	8.8
49.00	7592	75.8F	8.8
49.05	7587	75.8F	8.8
49.10	7548	75.8F	8.8
49.15	7531	75.8F	8.8
49.20	7545	75.8F	8.8
49.25	7565	75.8F	8.8
49.30	7582	75.8F	8.8
49.35	7594	75.8F	8.8
49.40	7576	75.8F	8.8
49.45	7564	75.8F	8.8
49.50	7562	75.8F	8.8
49.55	7556	75.8F	8.8
49.60	7553	75.8F	8.8
49.65	7550	75.8F	8.8
49.70	7548	75.8F	8.8
49.75	7548	75.8F	8.8
49.80	7554	75.8F	8.8
49.85	7556	75.8F	8.8
49.90	7560	75.8F	8.8
49.95	7561	75.8F	8.8
50.00	7550	75.8F	8.8
50.05	7550	75.8F	8.8
50.10	7547	75.8F	8.8
50.15	7541	75.8F	8.8
50.20	7545	75.8F	8.8
50.25	7542	75.8F	8.8
50.30	7543	75.8F	8.8
50.35	7538	75.7F	8.8
50.40	7518	75.8F	8.8
50.45	7509	75.8F	8.8
50.50	7504	75.8F	8.8
50.55	7489	75.8F	8.8
50.60	7472	75.8F	8.8
50.65	7459	75.8F	8.8
50.70	7457	75.8F	8.8
50.75	7458	75.8F	8.8
50.80	7452	75.8F	8.8
50.85	7435	75.8F	8.8
50.90	7419	75.7F	8.8
50.95	7423	75.7F	8.8
51.00	7452	75.7F	8.8
51.05	7501	75.7F	8.8
51.10	7495	75.7F	8.8
51.15	7520	75.7F	8.8
51.20	7534	75.7F	8.8
51.25	7479	75.7F	8.8
51.30	7466	75.7F	8.8
51.35	7520	75.7F	8.8
51.40	7453	75.7F	8.8
51.45	7403	75.7F	8.8
51.50	7483	75.7F	8.8
51.55	7444	75.7F	8.8
51.60	7438	75.7F	8.8
51.65	7435	75.7F	8.8
51.70	7437	75.7F	8.8
51.75	7453	75.7F	8.8
51.80	7397	75.7F	8.8
51.85	7380	75.7F	8.8
51.90	7436	75.7F	8.8
51.95	7438	75.7F	8.8
52.00	7423	75.7F	8.8
52.05	7428	75.7F	8.8
52.10	7425	75.7F	8.8
52.15	7420	75.7F	8.8
52.20	7419	75.7F	8.8
52.25	7410	75.7F	8.8
52.30	7401	75.7F	8.8
52.35	7393	75.7F	8.8
52.40	7390	75.7F	8.8
52.45	7394	75.7F	8.8
52.50	7393	75.7F	8.8
52.55	7380	75.7F	8.8
52.60	7393	75.7F	8.8
52.65	7379	75.7F	8.8
52.70	7349	75.7F	8.8
52.75	7376	75.7F	8.8
52.80	7367	75.7F	8.8
52.85	7372	75.7F	8.8
52.90	7369	75.7F	8.8
52.95	7375	75.7F	8.8
53.00	7311	75.7F	8.8
53.05	7294	75.7F	8.8
53.10	7317	75.7F	8.8
53.15	7335	75.7F	8.8
53.20	7344	75.7F	8.8
53.25	7333	75.7F	8.8
53.30	7331	75.7F	8.8
53.35	7330	75.7F	8.8
53.40	7322	75.7F	8.8
53.45	7297	75.7F	8.8
53.50	7278	75.7F	8.8
53.55	7278	75.7F	8.8
53.60	7297	75.7F	8.8
53.65	7324	75.7F	8.8
53.70	7312	75.7F	8.8
53.75	7255	75.7F	8.8
53.80	7329	75.7F	8.8
53.85	7406	75.7F	8.8
53.90	7388	75.7F	8.8
53.95	7347	75.7F	8.8
54.00	7336	75.7F	8.8
54.05	7314	75.7F	8.8
54.10	7298	75.7F	8.8
54.15	7294	75.7F	8.8
54.20	7293	75.7F	8.8
54.25	7287	75.7F	8.8
54.30	7290	75.7F	8.8
54.35	7281	75.7F	8.8
54.40	7280	75.7F	8.8
54.45	7284	75.7F	8.8
54.50	7291	75.7F	8.8
54.55	7234	75.7F	8.8
54.60	7191	75.7F	8.8
54.65	7186	75.7F	8.8
54.70	7206	75.7F	8.8
54.75	7215	75.7F	8.8
54.80	7219	75.7F	8.8
54.85	7195	75.7F	8.8
54.90	7171	75.7F	8.8
54.95	7200	75.7F	8.8
55.00	7239	75.7F	8.8
55.05	7238	75.7F	8.8
55.10	7208	75.7F	8.8
55.15	7178	75.7F	8.8
55.20	7175	75.7F	8.8
55.25	7175	75.7F	8.8
55.30	7173	75.7F	8.8
55.35	7169	75.7F	8.8
55.40	7180	75.6F	8.8
55.45	7216	75.6F	8.8
55.50	7220	75.7F	8.8
55.55	7223	75.7F	8.8
55.60	7208	75.6F	8.8
55.65	7204	75.7F	8.8
55.70	7215	75.7F	8.8
55.75	7225	75.6F	8.8
55.80	7217	75.6F	8.8
55.85	7229	75.6F	8.8
55.90	7204	75.6F	8.8
55.95	7225	75.6F	8.8
56.00	7180	75.6F	8.8
56.05	7133	75.6F	8.8
56.10	7121	75.6F	8.8
56.15	7149	75.6F	8.8
56.20	7178	75.6F	8.8
56.25	7163	75.6F	8.8
56.30	7164	75.6F	8.8
56.35	7157	75.6F	8.8
56.40	7158	75.6F	8.8
56.45	7165	75.6F	8.8
56.50	7170	75.6F	8.8
56.55	7168	75.6F	8.8
56.60	7180	75.6F	8.8
56.65	7191	75.6F	8.8
56.70	7198	75.6F	8.8
56.75	7220	75.6F	8.8
56.80	7192	75.6F	8.8
56.85	7201	75.6F	8.8
56.90	7174	75.6F	8.8
56.95	7158	75.6F	8.8
57.00	7147	75.6F	8.8
57.05	7140	75.6F	8.8
57.10	7121	75.6F	8.8
57.15	7104	75.6F	8.8
57.20	7101	75.6F	8.8
57.25	7106	75.6F	8.8
57.30	7102	75.6F	8.8
57.35	7102	75.6F	8.8
57.40	7102	75.6F	8.8
57.45	7103	75.6F	8.8
57.50	7105	75.6F	8.8
57.55	7066	75.6F	8.8
57.60	7032	75.6F	8.8
57.65	7011	75.6F	8.8
57.70	7007	75.6F	8.8
57.75	7004	75.6F	8.8
57.80	7005	75.6F	8.8
57.85	7003	75.6F	8.8
57.90	7005	75.6F	8.8
57.95	7006	75.6F	8.8
58.00	7005	75.6F	8.8
58.05	7006	75.6F	8.8
58.10	7000	75.6F	8.8
58.15	6996	75.6F	8.8
58.20	6989	75.6F	8.8
58.25	6984	75.6F	8.8
58.30	6991	75.6F	8.8
58.35	7011	75.6F	8.8
58.40	7041	75.6F	8.8
58.45	7062	75.6F	8.8
58.50	7071	75.6F	8.8
58.55	7062	75.6F	8.8
58.60	7086	75.6F	8.8
58.65	7073	75.6F	8.8
58.70	7055	75.6F	8.8
58.75	7057	75.6F	8.8
58.80	7040	75.5F	8.8
58.85	7017	75.5F	8.8
58.90	6956	75.6F	8.8
58.95	6966	75.5F	8.8
59.00	7015	75.5F	8.8
59.05	7005	75.5F	8.8
59.10	6995	75.5F	8.8
59.15	6994	75.5F	8.8
59.20	6995	75.5F	8.8
59.25	6989	75.5F	8.8
59.30	7005	75.5F	8.8
59.35	7003	75.5F	8.8
59.40	7008	75.5F	8.8
59.45	7013	75.5F	8.8
59.50	7011	75.5F	8.8
59.55	7000	75.5F	8.8
59.60	7002	75.5F	8.8
59.65	6990	75.5F	8.8
59.70	6979	75.5F	8.8
59.75	6977	75.5F	8.8
59.80	6982	75.5F	8.8
59.85	6960	75.5F	8.8
59.90	6935	75.5F	8.8
59.95	6906	75.5F	8.8
60.00	6887	75.5F	8.8
60.05	6885	75.5F	8.8
60.10	6901	75.5F	8.8
60.15	6935	75.5F	8.8
60.20	6956	75.5F	8.8
60.25	6952	75.5F	8.8
60.30	6967	75.5F	8.8
60.35	6951	75.5F	8.8
60.40	6949	75.5F	8.8
60.45	6950	75.5F	8.8
60.50	6940	75.5F	8.8
60.55	6940	75.5F	8.8
60.60	6918	75.5F	8.8
60.65	6870	75.5F	8.8
60.70	6843	75.5F	8.8
60.75	6844	75.5F	8.8
60.80	6842	75.5F	8.8
60.85	6843	75.5F	8.8
60.90	6856	75.5F	8.8
60.95	6881	75.5F	8.8
61.00	6888	75.5F	8.8
61.05	6887	75.5F	8.8
61.10	6884	75.5F	8.8
61.15	6877	75.5F	8.8
61.20	6884	75.5F	8.8
61.25	6888	75.5F	8.8
61.30	6896	75.5F	8.8
61.35	6902	75.5F	8.8
61.40	6886	75.5F	8.8
61.45	6880	75.5F	8.8
61.50	6862	75.5F	8.8
61.55	6851	75.5F	8.8
61.60	6848	75.5F	8.8
61.65	6850	75.5F	8.8
61.70	6842	75.5F	8.8
61.75	6819	75.5F	8.8
61.80	6803	75.5F	8.8
61.85	6804	75.5F	8.8
61.90	6822	75.5F	8.8
61.95	6851	75.5F	8.8
62.00	6852	75.5F	8.8
62.05	6851	75.5F	8.8
62.10	6830	75.5F	8.8
62.15	6803	75.5F	8.8
62.20	6801	75.5F	8.8
62.25	6806	75.5F	8.8
62.30	6806	75.5F	8.8
62.35	6802	75.5F	8.8
62.40	6799	75.5F	8.8
62.45	6798	75.5F	8.8
62.50	6801	75.5F	8.8
62.55	6807	75.5F	8.8
62.60	6803	75.5F	8.8
62.65	6796	75.5F	8.8
62.70	6794	75.5F	8.8
62.75	6787	75.5F	8.8
62.80	6773	75.5F	8.8
62.85	6764	75.5F	8.8
62.90	6776	75.5F	8.8
62.95	6790	75.5F	8.8
63.00	6783	75.5F	8.8
63.05	6781	75.5F	8.8
63.10	6796	75.4F	8.8
63.15	6782	75.5F	8.8
63.20	6772	75.5F	8.8
63.25	6766	75.5F	8.8
63.30	6764	75.5F	8.8
63.35	6752	75.4F	8.8
63.40	6744	75.4F	8.8
63.45	6758	75.4F	8.8
63.50	6760	75.4F	8.8
63.55	6754	75.4F	8.8
63.60	6760	75.4F	8.8
63.65	6765	75.4F	8.8
63.70	6759	75.4F	8.8
63.75	6755	75.4F	8.8
63.80	6748	75.4F	8.8
63.85	6753	75.4F	8.8
63.90	6720	75.4F	8.8
63.95	6682	75.4F	8.8
64.00	6675	75.4F	8.8
64.05	6705	75.4F	8.8
64.10	6717	75.4F	8.8
64.15	6710	75.4F	8.8
64.20	6706	75.4F	8.8
64.25	6708	75.4F	8.8
64.30	6704	75.4F	8.8
64.35	6707	75.4F	8.8
64.40	6703	75.4F	8.8
64.45	6706	75.4F	8.8
64.50	6715	75.4F	8.8
64.55	6716	75.4F	8.8
64.60	6723	75.4F	8.8
64.65	6717	75.4F	8.8
64.70	6713	75.4F	8.8
64.75	6705	75.4F	8.8
64.80	6681	75.4F	8.8
64.85	6655	75.4F	8.8
64.90	6632	75.4F	8.8
64.95	6629	75.4F	8.8
65.00	6635	75.4F	8.8
65.05	6649	75.4F	8.8
65.10	6665	75.4F	8.8
65.15	6681	75.4F	8.8
65.20	6660	75.4F	8.8
65.25	6655	75.4F	8.8
65.30	6653	75.4F	8.8
65.35	6648	75.4F	8.8
65.40	6657	75.4F	8.8
65.45	6652	75.4F	8.8
65.50	6655	75.4F	8.8
65.55	6652	75.4F	8.8
65.60	6645	75.4F	8.8
65.65	6637	75.4F	8.8
65.70	6626	75.4F	8.8
65.75	6619	75.4F	8.8
65.80	6609	75.4F	8.8
65.85	6599	75.4F	8.8
65.90	6598	75.3F	8.8
65.95	6609	75.4F	8.8
66.00	6601	75.4F	8.8
66.05	6574	75.3F	8.8
66.10	6539	75.3F	8.8
66.15	6565	75.3F	8.8
66.20	6619	75.3F	8.8
66.25	6630	75.3F	8.8
66.30	6625	75.3F	8.8
66.35	6625	75.3F	8.8
66.40	6618	75.3F	8.8
66.45	6598	75.3F	8.8
66.50	6594	75.3F	8.8
66.55	6586	75.3F	8.8
66.60	6576	75.3F	8.8
66.65	6572	75.3F	8.8
66.70	6569	75.3F	8.8
66.75	6570	75.3F	8.8
66.80	6571	75.3F	8.8
66.85	6572	75.3F	8.8
66.90	6575	75.3F	8.8
66.95	6578	75.3F	8.8
67.00	6583	75.3F	8.8
67.05	6574	75.3F	8.8
67.10	6528	75.3F	8.8
67.15	6494	75.3F	8.8
67.20	6513	75.3F	8.8
67.25	6544	75.3F	8.8
67.30	6561	75.3F	8.8
67.35	6540	75.3F	8.8
67.40	6533	75.3F	8.8
67.45	6527	75.3F	8.8
67.50	6527	75.3F	8.8
67.55	6525	75.3F	8.8
67.60	6524	75.3F	8.8
67.65	6519	75.3F	8.8
67.70	6518	75.3F	8.8
67.75	6513	75.3F	8.8
67.80	6511	75.3F	8.8
67.85	6509	75.3F	8.8
67.90	6506	75.3F	8.8
67.95	6504	75.3F	8.8
68.00	6504	75.3F	8.8
68.05	6504	75.3F	8.8
68.10	6500	75.3F	8.8
68.15	6496	75.3F	8.8
68.20	6493	75.3F	8.8
68.25	6488	75.3F	8.8
68.30	6491	75.3F	8.8
68.35	6488	75.3F	8.8
68.40	6482	75.3F	8.8
68.45	6455	75.3F	8.8
68.50	6433	75.3F	8.8
68.55	6418	75.3F	8.8
68.60	6408	75.3F	8.8
68.65	6405	75.3F	8.8
68.70	6416	75.3F	8.8
68.75	6442	75.3F	8.8
68.80	6467	75.3F	8.8
68.85	6470	75.3F	8.8
68.90	6453	75.3F	8.8
68.95	6437	75.3F	8.8
69.00	6421	75.3F	8.8
69.05	6408	75.3F	8.8
69.10	6401	75.3F	8.8
69.15	6396	75.3F	8.8
69.20	6389	75.3F	8.8
69.25	6378	75.3F	8.8
69.30	6371	75.3F	8.8
69.35	6375	75.3F	8.8
69.40	6391	75.3F	8.8
69.45	6420	75.3F	8.8
69.50	6450	75.3F	8.8
69.55	6433	75.3F	8.8
69.60	6422	75.3F	8.8
69.65	6414	75.3F	8.8
69.70	6404	75.3F	8.8
69.75	6405	75.3F	8.8
69.80	6406	75.3F	8.8
69.85	6394	75.3F	8.8
69.90	6371	75.3F	8.8
69.95	6353	75.3F	8.8
70.00	6343	75.3F	8.8
70.05	6342	75.3F	8.8
70.10	6338	75.3F	8.8
70.15	6331	75.2F	8.8
70.20	6330	75.3F	8.8
70.25	6341	75.3F	8.8
70.30	6352	75.3F	8.8
70.35	6383	75.3F	8.8
70.40	6403	75.3F	8.8
70.45	6386	75.3F	8.8
70.50	6367	75.3F	8.8
70.55	6357	75.3F	8.8
70.60	6352	75.3F	8.8
70.65	6349	75.3F	8.8
70.70	6364	75.2F	8.8
70.75	6358	75.3F	8.8
70.80	6362	75.3F	8.8
70.85	6351	75.3F	8.8
70.90	6324	75.2F	8.8
70.95	6291	75.2F	8.8
71.00	6279	75.2F	8.8
71.05	6310	75.2F	8.8
71.10	6368	75.2F	8.8
71.15	6364	75.2F	8.8
71.20	6346	75.2F	8.8
71.25	6335	75.2F	8.8
71.30	6336	75.2F	8.8
71.35	6311	75.2F	8.8
71.40	6285	75.2F	8.8
71.45	6285	75.2F	8.8
71.50	6301	75.2F	8.8
71.55	6314	75.2F	8.8
71.60	6323	75.2F	8.8
71.65	6316	75.2F	8.8
71.70	6314	75.2F	8.8
71.75	6312	75.2F	8.8
71.80	6312	75.2F	8.8
71.85	6301	75.2F	8.8
71.90	6298	75.2F	8.8
71.95	6289	75.2F	8.8
72.00	6286	75.2F	8.8
72.05	6277	75.2F	8.8
72.10	6273	75.2F	8.8
72.15	6266	75.2F	8.8
72.20	6254	75.2F	8.8
72.25	6246	75.2F	8.8
72.30	6233	75.2F	8.8
72.35	6221	75.2F	8.8
72.40	6213	75.2F	8.8
72.45	6221	75.2F	8.8
72.50	6247	75.2F	8.8
72.55	6265	75.2F	8.8
72.60	6254	75.2F	8.8
72.65	6249	75.2F	8.8
72.70	6244	75.2F	8.8
72.75	6240	75.2F	8.8
72.80	6243	75.2F	8.8
72.85	6220	75.2F	8.8
72.90	6212	75.2F	8.8
72.95	6234	75.2F	8.8
73.00	6247	75.2F	8.8
73.05	6265	75.2F	8.8
73.10	6233	75.2F	8.8
73.15	6235	75.2F	8.8
73.20	6242	75.2F	8.8
73.25	6249	75.2F	8.8
73.30	6238	75.2F	8.8
73.35	6241	75.2F	8.8
73.40	6237	75.2F	8.8
73.45	6223	75.2F	8.8
73.50	6210	75.2F	8.8
73.55	6212	75.2F	8.8
73.60	6209	75.2F	8.8
73.65	6205	75.2F	8.8
73.70	6196	75.2F	8.8
73.75	6188	75.2F	8.8
73.80	6190	75.2F	8.8
73.85	6189	75.2F	8.8
73.90	6156	75.2F	8.8
73.95	6129	75.2F	8.8
74.00	6128	75.2F	8.8
74.05	6136	75.2F	8.8
74.10	6138	75.2F	8.8
74.15	6135	75.2F	8.8
74.20	6129	75.2F	8.8
74.25	6122	75.2F	8.8
74.30	6114	75.2F	8.8
74.35	6112	75.1F	8.8
74.40	6113	75.1F	8.8
74.45	6117	75.1F	8.8
74.50	6127	75.1F	8.8
74.55	6139	75.1F	8.8
74.60	6150	75.2F	8.8
74.65	6150	75.2F	8.8
74.70	6140	75.1F	8.8
74.75	6138	75.1F	8.8
74.80	6144	75.1F	8.8
74.85	6139	75.2F	8.8
74.90	6128	75.1F	8.8
74.95	6124	75.1F	8.8
75.00	6121	75.1F	8.8
75.05	6116	75.1F	8.8
75.10	6103	75.1F	8.8
75.15	6104	75.1F	8.8
75.20	6128	75.1F	8.8
75.25	6135	75.1F	8.8
75.30	6121	75.1F	8.8
75.35	6122	75.1F	8.8
75.40	6111	75.1F	8.8
75.45	6109	75.1F	8.8
75.50	6118	75.1F	8.8
75.55	6144	75.1F	8.8
75.60	6122	75.1F	8.8
75.65	6107	75.1F	8.8
75.70	6104	75.1F	8.8
75.75	6092	75.1F	8.8
75.80	6076	75.1F	8.8
75.85	6076	75.1F	8.8
75.90	6076	75.1F	8.8
75.95	6080	75.1F	8.8
76.00	6074	75.1F	8.8
76.05	6078	75.1F	8.8
76.10	6079	75.1F	8.8
76.15	6075	75.1F	8.8
76.20	6032	75.1F	8.8
76.25	6011	75.1F	8.8
76.30	6030	75.1F	8.8
76.35	6052	75.1F	8.8
76.40	6064	75.1F	8.8
76.45	6047	75.1F	8.8
76.50	6040	75.1F	8.8
76.55	6043	75.1F	8.8
76.60	6039	75.1F	8.8
76.65	6037	75.1F	8.8
76.70	6036	75.1F	8.8
76.75	6034	75.1F	8.8
76.80	6031	75.1F	8.8
76.85	6020	75.1F	8.8
76.90	6025	75.1F	8.8
76.95	6028	75.1F	8.8
77.00	6015	75.1F	8.8
77.05	5994	75.1F	8.8
77.10	5984	75.1F	8.8
77.15	5993	75.1F	8.8
77.20	6012	75.1F	8.8
77.25	6022	75.1F	8.8
77.30	6026	75.1F	8.8
77.35	6021	75.1F	8.8
77.40	6008	75.1F	8.8
77.45	6014	75.1F	8.8
77.50	6006	75.1F	8.8
77.55	5973	75.1F	8.8
77.60	5956	75.1F	8.8
77.65	5948	75.1F	8.8
77.70	5948	75.1F	8.8
77.75	5948	75.1F	8.8
77.80	5943	75.1F	8.8
77.85	5937	75.1F	8.8
77.90	5936	75.1F	8.8
77.95	5923	75.1F	8.8
78.00	5913	75.1F	8.8
78.05	5907	75.1F	8.8
78.10	5910	75.1F	8.8
78.15	5918	75.0F	8.8
78.20	5924	75.1F	8.8
78.25	5933	75.1F	8.8
78.30	5936	75.0F	8.8
78.35	5941	75.0F	8.8
78.40	5934	75.1F	8.8
78.45	5928	75.0F	8.8
78.50	5920	75.0F	8.8
78.55	5917	75.0F	8.8
78.60	5913	75.0F	8.8
78.65	5916	75.0F	8.8
78.70	5919	75.0F	8.8
78.75	5928	75.0F	8.8
78.80	5922	75.0F	8.8
78.85	5909	75.0F	8.8
78.90	5912	75.0F	8.8
78.95	5908	75.0F	8.8
79.00	5907	75.0F	8.8
79.05	5907	75.0F	8.8
79.10	5916	75.0F	8.8
79.15	5907	75.0F	8.8
79.20	5916	75.0F	8.8
79.25	5900	75.0F	8.8
79.30	5876	75.0F	8.8
79.35	5863	75.0F	8.8
79.40	5859	75.0F	8.8
79.45	5857	75.0F	8.8
79.50	5861	75.0F	8.8
79.55	5868	75.0F	8.8
79.60	5872	75.0F	8.8
79.65	5874	75.0F	8.8
79.70	5875	75.0F	8.8
79.75	5867	75.0F	8.8
79.80	5860	75.0F	8.8
79.85	5862	75.0F	8.8
79.90	5859	75.0F	8.8
79.95	5868	75.0F	8.8
80.00	5861	75.0F	8.8
80.05	5858	75.0F	8.8
80.10	5854	75.0F	8.8
80.15	5853	75.0F	8.8
80.20	5858	75.0F	8.8
80.25	5859	75.0F	8.8
80.30	5859	75.0F	8.8
80.35	5854	75.0F	8.8
80.40	5849	75.0F	8.8
80.45	5837	75.0F	8.8
80.50	5831	75.0F	8.8
80.55	5832	75.0F	8.8
80.60	5829	75.0F	8.8
80.65	5832	75.0F	8.8
80.70	5834	75.0F	8.8
80.75	5841	75.0F	8.8
80.80	5836	75.0F	8.8
80.85	5833	75.0F	8.8
80.90	5837	75.0F	8.8
80.95	5828	75.0F	8.8
81.00	5840	75.0F	8.8
81.05	5822	75.0F	8.8
81.10	5818	75.0F	8.8
81.15	5816	75.0F	8.8
81.20	5810	75.0F	8.8
81.25	5805	75.0F	8.8
81.30	5800	75.0F	8.8
81.35	5799	75.0F	8.8
81.40	5793	75.0F	8.8
81.45	5793	75.0F	8.8
81.50	5790	75.0F	8.8
81.55	5794	75.0F	8.8
81.60	5797	75.0F	8.8
81.65	5761	74.9F	8.8
81.70	5713	75.0F	8.8
81.75	5711	75.0F	8.8
81.80	5741	75.0F	8.8
81.85	5771	75.0F	8.8
81.90	5782	75.0F	8.8
81.95	5788	75.0F	8.8
82.00	5772	74.9F	8.8
82.05	5779	74.9F	8.8
82.10	5771	74.9F	8.8
82.15	5778	75.0F	8.8
82.20	5763	74.9F	8.8
82.25	5757	74.9F	8.8
82.30	5755	74.9F	8.8
82.35	5774	74.9F	8.8
82.40	5762	74.9F	8.8
82.45	5746	74.9F	8.8
82.50	5732	74.9F	8.8
82.55	5719	74.9F	8.8
82.60	5702	74.9F	8.8
82.65	5692	74.9F	8.8
82.70	5685	74.9F	8.8
82.75	5684	74.9F	8.8
82.80	5703	74.9F	8.8
82.85	5717	74.9F	8.8
82.90	5739	74.9F	8.8
82.95	5707	74.9F	8.8
83.00	5707	74.9F	8.8
83.05	5698	74.9F	8.8
83.10	5686	74.9F	8.8
83.15	5683	74.9F	8.8
83.20	5670	74.9F	8.8
83.25	5627	74.9F	8.8
83.30	5633	74.9F	8.8
83.35	5675	74.9F	8.8
83.40	5672	74.9F	8.8
83.45	5679	74.9F	8.8
83.50	5674	74.9F	8.8
83.55	5679	74.9F	8.8
83.60	5673	74.9F	8.8
83.65	5681	74.9F	8.8
83.70	5666	74.9F	8.8
83.75	5679	74.9F	8.8
83.80	5674	74.9F	8.8
83.85	5672	74.9F	8.8
83.90	5649	74.9F	8.8
83.95	5631	74.9F	8.8
84.00	5612	74.9F	8.8
84.05	5599	74.9F	8.8
84.10	5589	74.9F	8.8
84.15	5578	74.9F	8.8
84.20	5574	74.9F	8.8
84.25	5572	74.9F	8.8
84.30	5570	74.9F	8.8
84.35	5572	74.9F	8.8
84.40	5577	74.9F	8.8
84.45	5584	74.9F	8.8
84.50	5592	74.9F	8.8
84.55	5598	74.9F	8.8
84.60	5606	74.9F	8.8
84.65	5617	74.9F	8.8
84.70	5616	74.9F	8.8
84.75	5619	74.9F	8.8
84.80	5610	74.9F	8.8
84.85	5617	74.9F	8.8
84.90	5636	74.9F	8.8
84.95	5636	74.9F	8.8
85.00	5633	74.9F	8.8
85.05	5635	74.9F	8.8
85.10	5625	74.9F	8.8
85.15	5608	74.9F	8.8
85.20	5586	74.9F	8.8
85.25	5569	74.9F	8.8
85.30	5551	74.9F	8.8
85.35	5570	74.9F	8.8
85.40	5594	74.9F	8.8
85.45	5568	74.9F	8.8
85.50	5551	74.9F	8.8
85.55	5542	74.9F	8.8
85.60	5531	74.9F	8.8
85.65	5536	74.9F	8.8
85.70	5537	74.9F	8.8
85.75	5528	74.9F	8.8
85.80	5531	74.9F	8.8
85.85	5525	74.9F	8.8
85.90	5524	74.9F	8.8
85.95	5536	74.9F	8.8
86.00	5531	74.9F	8.8
86.05	5487	74.9F	8.8
86.10	5452	74.9F	8.8
86.15	5450	74.9F	8.8
86.20	5460	74.9F	8.8
86.25	5465	74.9F	8.8
86.30	5469	74.9F	8.8
86.35	5469	74.9F	8.8
86.40	5467	74.9F	8.8
86.45	5461	74.9F	8.8
86.50	5453	74.8F	8.8
86.55	5444	74.9F	8.8
86.60	5442	74.9F	8.8
86.65	5455	74.8F	8.8
86.70	5479	74.9F	8.8
86.75	5492	74.8F	8.8
86.80	5473	74.8F	8.8
86.85	5468	74.8F	8.8
86.90	5464	74.8F	8.8
86.95	5460	74.8F	8.8
87.00	5456	74.8F	8.8
87.05	5455	74.8F	8.8
87.10	5448	74.8F	8.8
87.15	5426	74.8F	8.8
87.20	5411	74.8F	8.8
87.25	5398	74.8F	8.8
87.30	5396	74.8F	8.8
87.35	5394	74.8F	8.8
87.40	5391	74.8F	8.8
87.45	5388	74.8F	8.8
87.50	5384	74.8F	8.8
87.55	5378	74.8F	8.8
87.60	5378	74.8F	8.8
87.65	5379	74.8F	8.8
87.70	5386	74.8F	8.8
87.75	5388	74.8F	8.8
87.80	5389	74.8F	8.8
87.85	5397	74.8F	8.8
87.90	5408	74.8F	8.8
87.95	5421	74.8F	8.8
88.00	5417	74.8F	8.8
88.05	5417	74.8F	8.8
88.10	5410	74.8F	8.8
88.15	5407	74.8F	8.8
88.20	5410	74.8F	8.8
88.25	5407	74.8F	8.8
88.30	5407	74.8F	8.8
88.35	5414	74.8F	8.8
88.40	5407	74.8F	8.8
88.45	5401	74.8F	8.8
88.50	5389	74.8F	8.8
88.55	5371	74.8F	8.8
88.60	5361	74.8F	8.8
88.65	5359	74.8F	8.8
88.70	5362	74.8F	8.8
88.75	5372	74.8F	8.8
88.80	5370	74.8F	8.8
88.85	5378	74.8F	8.8
88.90	5373	74.8F	8.8
88.95	5360	74.8F	8.8
89.00	5355	74.8F	8.8
89.05	5359	74.8F	8.8
89.10	5380	74.8F	8.8
89.15	5365	74.8F	8.8
89.20	5356	74.8F	8.8
89.25	5349	74.8F	8.8
89.30	5334	74.8F	8.8
89.35	5329	74.8F	8.8
89.40	5324	74.8F	8.8
89.45	5335	74.8F	8.8
89.50	5336	74.8F	8.8
89.55	5332	74.8F	8.8
89.60	5321	74.8F	8.8
89.65	5305	74.8F	8.8
89.70	5275	74.8F	8.8
89.75	5301	74.8F	8.8
89.80	5289	74.8F	8.8
89.85	5302	74.7F	8.8
89.90	5253	74.7F	8.8
89.95	5322	74.7F	8.8
90.00	5298	74.7F	8.8
90.05	5297	74.7F	8.8
90.10	5304	74.7F	8.8
90.15	5253	74.7F	8.8
90.20	5222	74.7F	8.8
90.25	5241	74.7F	8.8
90.30	5272	74.7F	8.8
90.35	5290	74.7F	8.8
90.40	5293	74.7F	8.8
90.45	5277	74.7F	8.8
90.50	5267	74.7F	8.8
90.55	5256	74.7F	8.8
90.60	5239	74.7F	8.8
90.65	5222	74.7F	8.8
90.70	5202	74.7F	8.8
90.75	5190	74.7F	8.8
90.80	5186	74.7F	8.8
90.85	5180	74.7F	8.8
90.90	5168	74.7F	8.8
90.95	5167	74.7F	8.8
91.00	5166	74.7F	8.8
91.05	5162	74.7F	8.8
91.10	5159	74.7F	8.8
91.15	5161	74.7F	8.8
91.20	5166	74.7F	8.8
91.25	5185	74.7F	8.8
91.30	5209	74.7F	8.8
91.35	5232	74.7F	8.8
91.40	5236	74.7F	8.8
91.45	5232	74.7F	8.8
91.50	5206	74.7F	8.8
91.55	5208	74.7F	8.8
91.60	5209	74.7F	8.8
91.65	5208	74.7F	8.8
91.70	5229	74.7F	8.8
91.75	5221	74.7F	8.8
91.80	5216	74.7F	8.8
91.85	5202	74.7F	8.8
91.90	5195	74.7F	8.8
91.95	5192	74.7F	8.8
92.00	5179	74.7F	8.8
92.05	5168	74.7F	8.8
92.10	5161	74.7F	8.8
92.15	5161	74.7F	8.8
92.20	5154	74.7F	8.8
92.25	5135	74.7F	8.8
92.30	5116	74.7F	8.8
92.35	5110	74.7F	8.8
92.40	5107	74.7F	8.8
92.45	5115	74.7F	8.8
92.50	5141	74.7F	8.8
92.55	5159	74.7F	8.8
92.60	5155	74.7F	8.8
92.65	5166	74.7F	8.8
92.70	5160	74.7F	8.8
92.75	5152	74.6F	8.8
92.80	5144	74.7F	8.8
92.85	5131	74.7F	8.8
92.90	5154	74.6F	8.8
92.95	5135	74.6F	8.8
93.00	5084	74.6F	8.8
93.05	5046	74.6F	8.8
93.10	5108	74.6F	8.8
93.15	5126	74.6F	8.8
93.20	5114	74.6F	8.8
93.25	5100	74.6F	8.8
93.30	5098	74.6F	8.8
93.35	5101	74.6F	8.8
93.40	5095	74.6F	8.8
93.45	5109	74.6F	8.8
93.50	5113	74.6F	8.8
93.55	5113	74.6F	8.8
93.60	5106	74.6F	8.8
93.65	5092	74.6F	8.8
93.70	5081	74.6F	8.8
93.75	5075	74.6F	8.8
93.80	5077	74.6F	8.8
93.85	5070	74.6F	8.8
93.90	5060	74.6F	8.8
93.95	5057	74.6F	8.8
94.00	5071	74.6F	8.8
94.05	5019	74.6F	8.8
94.10	4976	74.6F	8.8
94.15	5020	74.6F	8.8
94.20	5050	74.6F	8.8
94.25	5028	74.6F	8.8
94.30	5033	74.6F	8.8
94.35	5025	74.6F	8.8
94.40	5021	74.6F	8.8
94.45	5022	74.6F	8.8
94.50	5023	74.6F	8.8
94.55	5020	74.6F	8.8
94.60	5017	74.6F	8.8
94.65	4968	74.6F	8.8
94.70	4958	74.6F	8.8
94.75	4990	74.6F	8.8
94.80	5017	74.6F	8.8
94.85	5018	74.6F	8.8
94.90	5015	74.6F	8.8
94.95	5016	74.6F	8.8
95.00	5035	74.6F	8.8
95.05	5041	74.6F	8.8
95.10	4952	74.6F	8.8
95.15	4919	74.6F	8.8
95.20	4922	74.6F	8.8
95.25	4916	74.6F	8.8
95.30	4911	74.6F	8.8
95.35	4902	74.6F	8.8
95.40	4897	74.6F	8.8
95.45	4893	74.6F	8.8
95.50	4890	74.6F	8.8
95.55	4887	74.6F	8.8
95.60	4887	74.6F	8.8
95.65	4897	74.6F	8.8
95.70	4916	74.6F	8.8
95.75	4927	74.6F	8.8
95.80	4930	74.6F	8.8
95.85	4926	74.6F	8.8
95.90	4916	74.6F	8.8
95.95	4904	74.6F	8.8
96.00	4881	74.6F	8.8
96.05	4857	74.6F	8.8
96.10	4850	74.6F	8.8
96.15	4855	74.6F	8.8
96.20	4862	74.6F	8.8
96.25	4867	74.6F	8.8
96.30	4852	74.6F	8.8
96.35	4840	74.6F	8.8
96.40	4838	74.6F	8.8
96.45	4861	74.6F	8.8
96.50	4890	74.6F	8.8
96.55	4926	74.6F	8.8
96.60	4910	74.6F	8.8
96.65	4898	74.6F	8.8
96.70	4884	74.6F	8.8
96.75	4877	74.6F	8.8
96.80	4873	74.6F	8.8
96.85	4874	74.5F	8.8
96.90	4856	74.6F	8.8
96.95	4831	74.6F	8.8
97.00	4872	74.5F	8.8
97.05	4898	74.5F	8.8
97.10	4872	74.6F	8.8
97.15	4868	74.6F	8.8
97.20	4870	74.5F	8.8
97.25	4878	74.5F	8.8
97.30	4911	74.5F	8.8
97.35	4872	74.5F	8.8
97.40	4818	74.5F	8.8
97.45	4807	74.5F	8.8
97.50	4814	74.5F	8.8
97.55	4820	74.5F	8.8
97.60	4818	74.5F	8.8
97.65	4793	74.5F	8.8
97.70	4783	74.5F	8.8
97.75	4779	74.5F	8.8
97.80	4762	74.5F	8.8
97.85	4776	74.5F	8.8
97.90	4820	74.5F	8.8
97.95	4829	74.5F	8.8
98.00	4827	74.5F	8.8
98.05	4809	74.5F	8.8
98.10	4807	74.5F	8.8
98.15	4804	74.5F	8.8
98.20	4730	74.5F	8.8
98.25	4772	74.5F	8.8
98.30	4814	74.5F	8.8
98.35	4830	74.5F	8.8
98.40	4828	74.5F	8.8
98.45	4848	74.5F	8.8
98.50	4818	74.5F	8.8
98.55	4795	74.5F	8.8
98.60	4785	74.5F	8.8
98.65	4785	74.5F	8.8
98.70	4765	74.5F	8.8
98.75	4755	74.5F	8.8
98.80	4759	74.5F	8.8
98.85	4766	74.5F	8.8
98.90	4758	74.5F	8.8
98.95	4764	74.5F	8.8
99.00	4762	74.5F	8.8
99.05	4747	74.5F	8.8
99.10	4739	74.5F	8.8
99.15	4748	74.5F	8.8
99.20	4747	74.5F	8.8
99.25	4759	74.5F	8.8
99.30	4764	74.5F	8.8
99.35	4752	74.5F	8.8
99.40	4746	74.5F	8.8
99.45	4755	74.5F	8.8
99.50	4748	74.5F	8.8
99.55	4742	74.5F	8.8
99.60	4732	74.5F	8.8
99.65	4725	74.5F	8.8
99.70	4713	74.5F	8.8
99.75	4710	74.5F	8.8
99.80	4699	74.5F	8.8
99.85	4691	74.5F	8.8
99.90	4692	74.5F	8.8
99.95	4702	74.5F	8.8
100.00	4694	74.5F	8.8
100.05	4694	74.5F	8.8
100.10	4706	74.5F	8.8
100.15	4699	74.5F	8.8
100.20	4617	74.5F	8.8
100.25	4632	74.5F	8.8
100.30	4676	74.5F	8.8
100.35	4703	74.5F	8.8
100.40	4693	74.5F	8.8
100.45	4703	74.4F	8.8
100.50	4697	74.4F	8.8
100.55	4696	74.4F	8.8
100.60	4697	74.5F	8.8
100.65	4678	74.4F	8.8
100.70	4670	74.4F	8.8
100.75	4669	74.4F	8.8
100.80	4660	74.4F	8.8
100.85	4675	74.4F	8.8
100.90	4658	74.4F	8.8
100.95	4645	74.4F	8.8
101.00	4634	74.4F	8.8
101.05	4625	74.4F	8.8
101.10	4622	74.4F	8.8
101.15	4633	74.4F	8.8
101.20	4642	74.4F	8.8
101.25	4646	74.4F	8.8
101.30	4635	74.4F	8.8
101.35	4629	74.4F	8.8
101.40	4637	74.4F	8.8
101.45	4635	74.4F	8.8
101.50	4629	74.4F	8.8
101.55	4616	74.4F	8.8
101.60	4613	74.4F	8.8
101.65	4607	74.4F	8.8
101.70	4606	74.4F	8.8
101.75	4541	74.4F	8.8
101.80	4533	74.4F	8.8
101.85	4536	74.4F	8.8
101.90	4530	74.4F	8.8
101.95	4565	74.4F	8.8
102.00	4579	74.4F	8.8
102.05	4574	74.4F	8.8
102.10	4573	74.4F	8.8
102.15	4566	74.4F	8.8
102.20	4565	74.4F	8.8
102.25	4563	74.4F	8.8
102.30	4569	74.4F	8.8
102.35	4568	74.4F	8.8
102.40	4565	74.4F	8.8
102.45	4570	74.4F	8.8
102.50	4557	74.4F	8.8
102.55	4548	74.4F	8.8
102.60	4536	74.4F	8.8
102.65	4546	74.4F	8.8
102.70	4530	74.4F	8.8
102.75	4504	74.4F	8.8
102.80	4474	74.4F	8.8
102.85	4466	74.4F	8.8
102.90	4490	74.4F	8.8
102.95	4532	74.4F	8.8
103.00	4538	74.4F	8.8
103.05	4555	74.4F	8.8
103.10	4571	74.4F	8.8
103.15	4540	74.4F	8.8
103.20	4522	74.4F	8.8
103.25	4514	74.4F	8.8
103.30	4539	74.4F	8.8
103.35	4525	74.4F	8.8
103.40	4471	74.4F	8.8
103.45	4424	74.4F	8.8
103.50	4415	74.4F	8.8
103.55	4414	74.4F	8.8
103.60	4410	74.4F	8.8
103.65	4408	74.4F	8.8
103.70	4409	74.4F	8.8
103.75	4434	74.4F	8.8
103.80	4464	74.4F	8.8
103.85	4475	74.4F	8.8
103.90	4458	74.4F	8.8
103.95	4458	74.4F	8.8
104.00	4457	74.4F	8.8
104.05	4450	74.4F	8.8
104.10	4445	74.4F	8.8
104.15	4453	74.4F	8.8
104.20	4454	74.4F	8.8
104.25	4450	74.4F	8.8
104.30	4442	74.3F	8.8
104.35	4375	74.3F	8.8
104.40	4423	74.3F	8.8
104.45	4370	74.3F	8.8
104.50	4444	74.3F	8.8
104.55	4432	74.4F	8.8
104.60	4428	74.4F	8.8
104.65	4402	74.3F	8.8
104.70	4398	74.3F	8.8
104.75	4399	74.3F	8.8
104.80	4393	74.3F	8.8
104.85	4394	74.3F	8.8
104.90	4401	74.3F	8.8
104.95	4408	74.3F	8.8
105.00	4398	74.3F	8.8
105.05	4424	74.3F	8.8
105.10	4415	74.3F	8.8
105.15	4399	74.3F	8.8
105.20	4400	74.3F	8.8
105.25	4388	74.3F	8.8
105.30	4388	74.3F	8.8
105.35	4385	74.3F	8.8
105.40	4376	74.3F	8.8
105.45	4370	74.3F	8.8
105.50	4356	74.3F	8.8
105.55	4351	74.3F	8.8
105.60	4349	74.3F	8.8
105.65	4357	74.3F	8.8
105.70	4364	74.3F	8.8
105.75	4363	74.3F	8.8
105.80	4356	74.3F	8.8
105.85	4356	74.3F	8.8
105.90	4366	74.3F	8.8
105.95	4355	74.3F	8.8
106.00	4334	74.3F	8.8
106.05	4301	74.3F	8.8
106.10	4290	74.3F	8.8
106.15	4323	74.3F	8.8
106.20	4332	74.3F	8.8
106.25	4327	74.3F	8.8
106.30	4335	74.3F	8.8
106.35	4276	74.3F	8.8
106.40	4253	74.3F	8.8
106.45	4269	74.3F	8.8
106.50	4278	74.3F	8.8
106.55	4275	74.3F	8.8
106.60	4252	74.3F	8.8
106.65	4241	74.3F	8.8
106.70	4264	74.3F	8.8
106.75	4255	74.3F	8.8
106.80	4244	74.3F	8.8
106.85	4258	74.3F	8.8
106.90	4277	74.3F	8.8
106.95	4285	74.3F	8.8
107.00	4278	74.3F	8.8
107.05	4274	74.3F	8.8
107.10	4260	74.3F	8.8
107.15	4264	74.3F	8.8
107.20	4269	74.3F	8.8
107.25	4280	74.3F	8.8
107.30	4271	74.3F	8.8
107.35	4280	74.3F	8.8
107.40	4284	74.3F	8.8
107.45	4272	74.3F	8.8
107.50	4259	74.3F	8.8
107.55	4259	74.3F	8.8
107.60	4259	74.3F	8.8
107.65	4261	74.3F	8.8
107.70	4268	74.3F	8.8
107.75	4258	74.3F	8.8
107.80	4250	74.3F	8.8
107.85	4280	74.3F	8.8
107.90	4263	74.3F	8.8
107.95	4257	74.2F	8.8
108.00	4257	74.2F	8.8
108.05	4241	74.3F	8.8
108.10	4232	74.3F	8.8
108.15	4230	74.2F	8.8
108.20	4209	74.2F	8.8
108.25	4212	74.2F	8.8
108.30	4212	74.2F	8.8
108.35	4213	74.2F	8.8
108.40	4215	74.3F	8.8
108.45	4216	74.2F	8.8
108.50	4230	74.2F	8.8
108.55	4237	74.2F	8.8
108.60	4225	74.2F	8.8
108.65	4215	74.2F	8.8
108.70	4210	74.2F	8.8
108.75	4205	74.2F	8.8
108.80	4186	74.2F	8.8
108.85	4170	74.2F	8.8
108.90	4162	74.2F	8.8
108.95	4168	74.2F	8.8
109.00	4185	74.2F	8.8
109.05	4168	74.2F	8.8
109.10	4167	74.2F	8.8
109.15	4169	74.2F	8.8
109.20	4169	74.2F	8.8
109.25	4176	74.2F	8.8
109.30	4209	74.2F	8.8
109.35	4196	74.2F	8.8
109.40	4160	74.2F	8.8
109.45	4111	74.2F	8.8
109.50	4082	74.2F	8.8
109.55	4081	74.2F	8.8
109.60	4103	74.2F	8.8
109.65	4093	74.2F	8.8
109.70	4095	74.2F	8.8
109.75	4101	74.2F	8.8
109.80	4108	74.2F	8.8
109.85	4114	74.2F	8.8
109.90	4116	74.2F	8.8
109.95	4106	74.2F	8.8
110.00	4095	74.2F	8.8
110.05	4086	74.2F	8.8
110.10	4084	74.2F	8.8
110.15	4081	74.2F	8.8
110.20	4077	74.2F	8.8
110.25	4061	74.2F	8.8
110.30	4048	74.2F	8.8
110.35	4041	74.2F	8.8
110.40	4034	74.2F	8.8
110.45	4024	74.2F	8.8
110.50	4013	74.2F	8.8
110.55	4022	74.2F	8.8
110.60	4054	74.2F	8.8
110.65	4078	74.2F	8.8
110.70	4099	74.2F	8.8
110.75	4093	74.2F	8.8
110.80	4083	74.2F	8.8
110.85	4084	74.2F	8.8
110.90	4081	74.2F	8.8
110.95	4060	74.2F	8.8
111.00	4041	74.2F	8.8
111.05	4026	74.2F	8.8
111.10	4023	74.2F	8.8
111.15	4028	74.2F	8.8
111.20	4038	74.2F	8.8
111.25	4033	74.2F	8.8
111.30	4018	74.2F	8.8
111.35	4002	74.2F	8.8
111.40	3990	74.2F	8.8
111.45	3982	74.2F	8.8
111.50	3983	74.2F	8.8
111.55	3991	74.2F	8.8
111.60	4013	74.2F	8.8
111.65	4030	74.2F	8.8
111.70	4037	74.2F	8.8
111.75	4017	74.2F	8.8
111.80	4010	74.2F	8.8
111.85	4011	74.2F	8.8
111.90	4023	74.2F	8.8
111.95	4020	74.2F	8.8
112.00	4016	74.2F	8.8
112.05	3992	74.2F	8.8
112.10	3970	74.2F	8.8
112.15	3952	74.2F	8.8
112.20	3944	74.2F	8.8
112.25	3936	74.2F	8.8
112.30	3931	74.2F	8.8
112.35	3924	74.2F	8.8
112.40	3914	74.2F	8.8
112.45	3909	74.2F	8.8
112.50	3909	74.1F	8.8
112.55	3910	74.2F	8.8
112.60	3905	74.2F	8.8
112.65	3900	74.1F	8.8
112.70	3896	74.2F	8.8
112.75	3890	74.1F	8.8
112.80	3895	74.2F	8.8
112.85	3888	74.1F	8.8
112.90	3899	74.1F	8.8
112.95	3931	74.2F	8.8
113.00	3961	74.1F	8.8
113.05	3955	74.2F	8.8
113.10	3934	74.1F	8.8
113.15	3932	74.2F	8.8
113.20	3935	74.1F	8.8
113.25	3939	74.1F	8.8
113.30	3956	74.1F	8.8
113.35	3955	74.1F	8.8
113.40	3942	74.1F	8.8
113.45	3934	74.1F	8.8
113.50	3922	74.1F	8.8
113.55	3897	74.1F	8.8
113.60	3903	74.1F	8.8
113.65	3947	74.1F	8.8
113.70	3959	74.1F	8.8
113.75	3956	74.1F	8.8
113.80	3934	74.1F	8.8
113.85	3922	74.1F	8.8
113.90	3909	74.1F	8.8
113.95	3903	74.1F	8.8
114.00	3878	74.1F	8.8
114.05	3870	74.1F	8.8
114.10	3870	74.1F	8.8
114.15	3878	74.1F	8.8
114.20	3893	74.1F	8.8
114.25	3905	74.1F	8.8
114.30	3873	74.1F	8.8
114.35	3863	74.1F	8.8
114.40	3868	74.1F	8.8
114.45	3869	74.1F	8.8
114.50	3867	74.1F	8.8
114.55	3849	74.1F	8.8
114.60	3809	74.1F	8.8
114.65	3794	74.1F	8.8
114.70	3800	74.1F	8.8
114.75	3839	74.1F	8.8
114.80	3858	74.1F	8.8
114.85	3838	74.1F	8.8
114.90	3844	74.1F	8.8
114.95	3852	74.1F	8.8
115.00	3830	74.0F	8.8
115.05	3756	74.1F	8.8
115.10	3787	74.1F	8.8
115.15	3819	74.1F	8.8
115.20	3830	74.1F	8.8
115.25	3820	74.1F	8.8
115.30	3827	74.1F	8.8
115.35	3819	74.0F	8.8
115.40	3808	74.1F	8.8
115.45	3806	74.0F	8.8
115.50	3809	74.0F	8.8
115.55	3807	74.0F	8.8
115.60	3806	74.0F	8.8
115.65	3811	74.0F	8.8
115.70	3801	74.0F	8.8
115.75	3779	74.0F	8.8
115.80	3758	74.0F	8.8
115.85	3753	74.0F	8.8
115.90	3743	74.0F	8.8
115.95	3727	74.0F	8.8
116.00	3714	74.0F	8.8
116.05	3706	74.0F	8.8
116.10	3700	74.0F	8.8
116.15	3727	74.0F	8.8
116.20	3747	74.0F	8.8
116.25	3755	74.0F	8.8
116.30	3750	74.0F	8.8
116.35	3721	74.0F	8.8
116.40	3690	74.0F	8.8
116.45	3665	74.0F	8.8
116.50	3681	74.0F	8.8
116.55	3724	74.0F	8.8
116.60	3761	74.0F	8.8
116.65	3761	74.0F	8.8
116.70	3741	74.0F	8.8
116.75	3722	74.0F	8.8
116.80	3716	74.0F	8.8
116.85	3721	74.0F	8.8
116.90	3722	74.0F	8.8
116.95	3717	74.0F	8.8
117.00	3737	74.0F	8.8
117.05	3745	74.0F	8.8
117.10	3762	74.0F	8.8
117.15	3757	74.0F	8.8
117.20	3735	74.0F	8.8
117.25	3702	74.0F	8.8
117.30	3704	74.0F	8.8
117.35	3698	74.0F	8.8
117.40	3675	74.0F	8.8
117.45	3662	74.0F	8.8
117.50	3662	74.0F	8.8
117.55	3665	74.0F	8.8
117.60	3662	74.0F	8.8
117.65	3657	74.0F	8.8
117.70	3663	74.0F	8.8
117.75	3662	74.0F	8.8
117.80	3675	74.0F	8.8
117.85	3667	74.0F	8.8
117.90	3678	74.0F	8.8
117.95	3677	74.0F	8.8
118.00	3661	74.0F	8.8
118.05	3651	74.0F	8.8
118.10	3654	74.0F	8.8
118.15	3626	74.0F	8.8
118.20	3621	74.0F	8.8
118.25	3625	74.0F	8.8
118.30	3611	74.0F	8.8
118.35	3611	74.0F	8.8
118.40	3598	74.0F	8.8
118.45	3595	74.0F	8.8
118.50	3618	74.0F	8.8
118.55	3610	74.0F	8.8
118.60	3609	74.0F	8.8
118.65	3612	74.0F	8.8
118.70	3611	74.0F	8.8
118.75	3607	74.0F	8.8
118.80	3542	74.0F	8.8
118.85	3526	74.0F	8.8
118.90	3542	74.0F	8.8
118.95	3551	74.0F	8.8
119.00	3541	74.0F	8.8
119.05	3537	74.0F	8.8
119.10	3527	74.0F	8.8
119.15	3527	74.0F	8.8
119.20	3537	74.0F	8.8
119.25	3553	74.0F	8.8
119.30	3566	74.0F	8.8
119.35	3572	74.0F	8.8
119.40	3572	74.0F	8.8
119.45	3570	74.0F	8.8
119.50	3569	74.0F	8.8
119.55	3568	74.0F	8.8
119.60	3550	74.0F	8.8
119.65	3500	74.0F	8.8
119.70	3526	74.0F	8.8
119.75	3548	74.0F	8.8
119.80	3539	74.0F	8.8
119.85	3537	74.0F	8.8
119.90	3544	74.0F	8.8
119.95	3539	74.0F	8.8
120.00	3470	74.0F	8.8
120.05	3466	73.9F	8.8
120.10	3478	73.9F	8.8
120.15	3458	74.0F	8.8
120.20	3476	74.0F	8.8
120.25	3522	74.0F	8.8
120.30	3535	74.0F	8.8
120.35	3518	73.9F	8.8
120.40	3501	73.9F	8.8
120.45	3493	74.0F	8.8
120.50	3490	74.0F	8.8
120.55	3497	73.9F	8.8
120.60	3485	73.9F	8.8
120.65	3482	73.9F	8.8
120.70	3476	73.9F	8.8
120.75	3474	73.9F	8.8
120.80	3485	73.9F	8.8
120.85	3482	73.9F	8.8
120.90	3467	73.9F	8.8
120.95	3469	73.9F	8.8
121.00	3477	73.9F	8.8
121.05	3483	73.9F	8.8
121.10	3474	73.9F	8.8
121.15	3479	73.9F	8.8
121.20	3483	73.9F	8.8
121.25	3481	73.9F	8.8
121.30	3462	73.9F	8.8
121.35	3459	73.9F	8.8
121.40	3467	73.9F	8.8
121.45	3463	73.9F	8.8
121.50	3444	73.9F	8.8
121.55	3433	73.9F	8.8
121.60	3430	73.9F	8.8
121.65	3421	73.9F	8.8
121.70	3429	73.9F	8.8
121.75	3426	73.9F	8.8
121.80	3454	73.9F	8.8
121.85	3448	73.9F	8.8
121.90	3435	73.9F	8.8
121.95	3432	73.9F	8.8
122.00	3426	73.9F	8.8
122.05	3424	73.9F	8.8
122.10	3424	73.9F	8.8
122.15	3421	73.9F	8.8
122.20	3422	73.9F	8.8
122.25	3408	73.9F	8.8
122.30	3396	73.9F	8.8
122.35	3386	73.9F	8.8
122.40	3381	73.9F	8.8
122.45	3376	73.9F	8.8
122.50	3373	73.9F	8.8
122.55	3372	73.9F	8.8
122.60	3372	73.9F	8.8
122.65	3367	73.9F	8.8
122.70	3372	73.9F	8.8
122.75	3360	73.9F	8.8
122.80	3358	73.9F	8.8
122.85	3364	73.8F	8.8
122.90	3362	73.9F	8.8
122.95	3363	73.8F	8.8
123.00	3358	73.8F	8.8
123.05	3373	73.9F	8.8
123.10	3365	73.9F	8.8
123.15	3376	73.9F	8.8
123.20	3383	73.9F	8.8
123.25	3386	73.8F	8.8
123.30	3355	73.9F	8.8
123.35	3361	73.9F	8.8
123.40	3356	73.9F	8.8
123.45	3363	73.9F	8.8
123.50	3330	73.9F	8.8
123.55	3322	73.9F	8.8
123.60	3308	73.9F	8.8
123.65	3314	73.9F	8.8
123.70	3313	73.9F	8.8
123.75	3304	73.8F	8.8
123.80	3322	73.9F	8.8
123.85	3319	73.9F	8.8
123.90	3315	73.9F	8.8
123.95	3315	73.9F	8.8
124.00	3310	73.8F	8.8
124.05	3308	73.9F	8.8
124.10	3311	73.9F	8.8
124.15	3313	73.8F	8.8
124.20	3264	73.9F	8.8
124.25	3255	73.9F	8.8
124.30	3261	73.8F	8.8
124.35	3262	73.8F	8.8
124.40	3298	73.9F	8.8
124.45	3308	73.9F	8.8
124.50	3297	73.8F	8.8
124.55	3306	73.8F	8.8
124.60	3297	73.9F	8.8
124.65	3305	73.8F	8.8
124.70	3288	73.9F	8.8
124.75	3279	73.8F	8.8
124.80	3246	73.8F	8.8
124.85	3211	73.9F	8.8
124.90	3226	73.8F	8.8
124.95	3253	73.9F	8.8
125.00	3268	73.8F	8.8
125.05	3272	73.8F	8.8
125.10	3264	73.8F	8.8
125.15	3251	73.8F	8.8
125.20	3263	73.8F	8.8
125.25	3254	73.8F	8.8
125.30	3261	73.8F	8.8
125.35	3270	73.8F	8.8
125.40	3259	73.8F	8.8
125.45	3269	73.8F	8.8
125.50	3261	73.8F	8.8
125.55	3247	73.8F	8.8
125.60	3241	73.8F	8.8
125.65	3231	73.8F	8.8
125.70	3221	73.8F	8.8
125.75	3211	73.8F	8.8
125.80	3205	73.8F	8.8
125.85	3212	73.8F	8.8
125.90	3218	73.8F	8.8
125.95	3208	73.8F	8.8
126.00	3155	73.8F	8.8
126.05	3147	73.8F	8.8
126.10	3155	73.8F	8.8
126.15	3152	73.8F	8.8
126.20	3144	73.8F	8.8
126.25	3138	73.8F	8.8
126.30	3146	73.8F	8.8
126.35	3159	73.8F	8.8
126.40	3170	73.8F	8.8
126.45	3177	73.8F	8.8
126.50	3184	73.8F	8.8
126.55	3181	73.8F	8.8
126.60	3185	73.8F	8.8
126.65	3172	73.8F	8.8
126.70	3165	73.8F	8.8
126.75	3166	73.8F	8.8
126.80	3159	73.8F	8.8
126.85	3159	73.8F	8.8
126.90	3158	73.8F	8.8
126.95	3162	73.8F	8.8
127.00	3179	73.8F	8.8
127.05	3163	73.8F	8.8
127.10	3144	73.8F	8.8
127.15	3126	73.8F	8.8
127.20	3106	73.8F	8.8
127.25	3098	73.8F	8.8
127.30	3093	73.8F	8.8
127.35	3087	73.8F	8.8
127.40	3080	73.8F	8.8
127.45	3078	73.8F	8.8
127.50	3085	73.8F	8.8
127.55	3094	73.8F	8.8
127.60	3097	73.8F	8.8
127.65	3105	73.8F	8.8
127.70	3111	73.8F	8.8
127.75	3118	73.8F	8.8
127.80	3123	73.8F	8.8
127.85	3119	73.8F	8.8
127.90	3119	73.8F	8.8
127.95	3113	73.8F	8.8
128.00	3116	73.8F	8.8
128.05	3111	73.8F	8.8
128.10	3111	73.8F	8.8
128.15	3108	73.8F	8.8
128.20	3127	73.8F	8.8
128.25	3106	73.8F	8.8
128.30	3079	73.8F	8.8
128.35	3051	73.8F	8.8
128.40	3102	73.8F	8.8
128.45	3077	73.8F	8.8
128.50	3054	73.8F	8.8
128.55	3047	73.8F	8.8
128.60	3047	73.8F	8.8
128.65	3047	73.8F	8.8
128.70	3064	73.8F	8.8
128.75	3035	73.8F	8.8
128.80	3000	73.7F	8.8
128.85	2992	73.8F	8.8
128.90	3015	73.8F	8.8
128.95	3052	73.8F	8.8
129.00	3062	73.8F	8.8
129.05	3100	73.8F	8.8
129.10	3085	73.7F	8.8
129.15	3081	73.8F	8.8
129.20	3085	73.7F	8.8
129.25	3077	73.7F	8.8
129.30	3071	73.7F	8.8
129.35	3075	73.7F	8.8
129.40	3060	73.7F	8.8
129.45	3026	73.7F	8.8
129.50	3014	73.7F	8.8
129.55	2994	73.7F	8.8
129.60	2991	73.7F	8.8
129.65	2990	73.7F	8.8
129.70	2997	73.7F	8.8
129.75	3008	73.7F	8.8
129.80	2999	73.7F	8.8
129.85	2991	73.7F	8.8
129.90	2991	73.7F	8.8
129.95	2990	73.7F	8.8
130.00	2976	73.7F	8.8
130.05	2952	73.7F	8.8
130.10	2929	73.7F	8.8
130.15	2938	73.7F	8.8
130.20	2950	73.7F	8.8
130.25	2956	73.7F	8.8
130.30	2958	73.7F	8.8
130.35	2962	73.7F	8.8
130.40	2966	73.7F	8.8
130.45	2966	73.7F	8.8
130.50	2945	73.7F	8.8
130.55	2942	73.7F	8.8
130.60	2943	73.7F	8.8
130.65	2944	73.7F	8.8
130.70	2944	73.7F	8.8
130.75	2954	73.7F	8.8
130.80	2968	73.7F	8.8
130.85	2940	73.7F	8.8
130.90	2892	73.7F	8.8
130.95	2886	73.7F	8.8
131.00	2895	73.7F	8.8
131.05	2942	73.7F	8.8
131.10	2941	73.7F	8.8
131.15	2925	73.7F	8.8
131.20	2923	73.7F	8.8
131.25	2918	73.7F	8.8
131.30	2920	73.7F	8.8
131.35	2914	73.7F	8.8
131.40	2911	73.7F	8.8
131.45	2915	73.7F	8.8
131.50	2849	73.7F	8.8
131.55	2827	73.7F	8.8
131.60	2822	73.7F	8.8
131.65	2832	73.7F	8.8
131.70	2855	73.7F	8.8
131.75	2859	73.7F	8.8
131.80	2854	73.7F	8.8
131.85	2868	73.7F	8.8
131.90	2898	73.7F	8.8
131.95	2892	73.7F	8.8
132.00	2873	73.7F	8.8
132.05	2868	73.7F	8.8
132.10	2865	73.7F	8.8
132.15	2882	73.7F	8.8
132.20	2814	73.7F	8.8
132.25	2837	73.7F	8.8
132.30	2846	73.7F	8.8
132.35	2841	73.7F	8.8
132.40	2824	73.7F	8.8
132.45	2811	73.7F	8.8
132.50	2812	73.7F	8.8
132.55	2812	73.7F	8.8
132.60	2814	73.7F	8.8
132.65	2846	73.7F	8.8
132.70	2819	73.7F	8.8
132.75	2819	73.7F	8.8
132.80	2822	73.7F	8.8
132.85	2795	73.7F	8.8
132.90	2743	73.7F	8.8
132.95	2784	73.7F	8.8
133.00	2824	73.7F	8.8
133.05	2817	73.7F	8.8
133.10	2828	73.7F	8.8
133.15	2818	73.7F	8.8
133.20	2821	73.7F	8.8
133.25	2799	73.7F	8.8
133.30	2823	73.7F	8.8
133.35	2821	73.7F	8.8
133.40	2760	73.7F	8.8
133.45	2761	73.7F	8.8
133.50	2796	73.7F	8.8
133.55	2776	73.7F	8.8
133.60	2773	73.7F	8.8
133.65	2765	73.7F	8.8
133.70	2749	73.7F	8.8
133.75	2748	73.7F	8.8
133.80	2745	73.7F	8.8
133.85	2746	73.7F	8.8
133.90	2750	73.7F	8.8
133.95	2759	73.7F	8.8
134.00	2752	73.7F	8.8
134.05	2748	73.7F	8.8
134.10	2757	73.7F	8.8
134.15	2773	73.7F	8.8
134.20	2725	73.7F	8.8
134.25	2685	73.7F	8.8
134.30	2718	73.7F	8.8
134.35	2774	73.7F	8.8
134.40	2764	73.7F	8.8
134.45	2734	73.7F	8.8
134.50	2720	73.7F	8.8
134.55	2717	73.6F	8.8
134.60	2715	73.7F	8.8
134.65	2743	73.7F	8.8
134.70	2748	73.7F	8.8
134.75	2717	73.6F	8.8
134.80	2718	73.6F	8.8
134.85	2706	73.7F	8.8
134.90	2725	73.6F	8.8
134.95	2713	73.6F	8.8
135.00	2713	73.6F	8.8
135.05	2716	73.6F	8.8
135.10	2708	73.6F	8.8
135.15	2684	73.6F	8.8
135.20	2702	73.6F	8.8
135.25	2706	73.6F	8.8
135.30	2723	73.6F	8.8
135.35	2717	73.6F	8.8
135.40	2688	73.6F	8.8
135.45	2683	73.6F	8.8
135.50	2689	73.6F	8.8
135.55	2672	73.6F	8.8
135.60	2659	73.6F	8.8
135.65	2655	73.6F	8.8
135.70	2643	73.6F	8.8
135.75	2643	73.6F	8.8
135.80	2632	73.6F	8.8
135.85	2623	73.6F	8.8
135.90	2622	73.6F	8.8
135.95	2632	73.6F	8.8
136.00	2632	73.6F	8.8
136.05	2630	73.6F	8.8
136.10	2641	73.6F	8.8
136.15	2662	73.6F	8.8
136.20	2637	73.6F	8.8
136.25	2591	73.6F	8.8
136.30	2596	73.6F	8.8
136.35	2628	73.6F	8.8
136.40	2611	73.6F	8.8
136.45	2615	73.6F	8.8
136.50	2623	73.6F	8.8
136.55	2606	73.6F	8.8
136.60	2597	73.6F	8.8
136.65	2582	73.6F	8.8
136.70	2575	73.6F	8.8
136.75	2565	73.6F	8.8
136.80	2563	73.6F	8.8
136.85	2562	73.6F	8.8
136.90	2554	73.6F	8.8
136.95	2563	73.6F	8.8
137.00	2559	73.6F	8.8
137.05	2568	73.6F	8.8
137.10	2580	73.6F	8.8
137.15	2575	73.6F	8.8
137.20	2575	73.6F	8.8
137.25	2557	73.6F	8.8
137.30	2549	73.6F	8.8
137.35	2561	73.6F	8.8
137.40	2553	73.6F	8.8
137.45	2552	73.6F	8.8
137.50	2577	73.6F	8.8
137.55	2571	73.6F	8.8
137.60	2561	73.6F	8.8
137.65	2571	73.6F	8.8
137.70	2567	73.6F	8.8
137.75	2545	73.6F	8.8
137.80	2535	73.6F	8.8
137.85	2543	73.6F	8.8
137.90	2520	73.6F	8.8
137.95	2504	73.6F	8.8
138.00	2493	73.6F	8.8
138.05	2487	73.6F	8.8
138.10	2501	73.6F	8.8
138.15	2495	73.6F	8.8
138.20	2490	73.5F	8.8
138.25	2491	73.6F	8.8
138.30	2491	73.6F	8.8
138.35	2483	73.6F	8.8
138.40	2481	73.5F	8.8
138.45	2495	73.5F	8.8
138.50	2518	73.5F	8.8
138.55	2498	73.5F	8.8
138.60	2463	73.5F	8.8
138.65	2470	73.5F	8.8
138.70	2473	73.5F	8.8
138.75	2456	73.5F	8.8
138.80	2449	73.5F	8.8
138.85	2450	73.5F	8.8
138.90	2452	73.5F	8.8
138.95	2455	73.5F	8.8
139.00	2448	73.5F	8.8
139.05	2456	73.5F	8.8
139.10	2442	73.5F	8.8
139.15	2458	73.5F	8.8
139.20	2442	73.5F	8.8
139.25	2450	73.5F	8.8
139.30	2445	73.5F	8.8
139.35	2434	73.5F	8.8
139.40	2437	73.5F	8.8
139.45	2459	73.5F	8.8
139.50	2452	73.5F	8.8
139.55	2444	73.5F	8.8
139.60	2432	73.5F	8.8
139.65	2432	73.5F	8.8
139.70	2433	73.5F	8.8
139.75	2428	73.5F	8.8
139.80	2416	73.5F	8.8
139.85	2413	73.5F	8.8
139.90	2416	73.5F	8.8
139.95	2410	73.5F	8.8
140.00	2411	73.5F	8.8
140.05	2415	73.5F	8.8
140.10	2415	73.5F	8.8
140.15	2393	73.5F	8.8
140.20	2395	73.5F	8.8
140.25	2401	73.5F	8.8
140.30	2394	73.5F	8.8
140.35	2398	73.5F	8.8
140.40	2400	73.5F	8.8
140.45	2409	73.5F	8.8
140.50	2387	73.5F	8.8
140.55	2401	73.5F	8.8
140.60	2406	73.5F	8.8
140.65	2402	73.5F	8.8
140.70	2384	73.5F	8.8
140.75	2351	73.5F	8.8
140.80	2373	73.5F	8.8
140.85	2380	73.5F	8.8
140.90	2363	73.5F	8.8
140.95	2358	73.5F	8.8
141.00	2377	73.5F	8.8
141.05	2363	73.5F	8.8
141.10	2363	73.5F	8.8
141.15	2350	73.5F	8.8
141.20	2352	73.5F	8.8
141.25	2357	73.5F	8.8
141.30	2338	73.5F	8.8
141.35	2330	73.5F	8.8
141.40	2330	73.5F	8.8
141.45	2343	73.5F	8.8
141.50	2327	73.5F	8.8
141.55	2305	73.5F	8.8
141.60	2313	73.5F	8.8
141.65	2324	73.5F	8.8
141.70	2309	73.5F	8.8
141.75	2299	73.5F	8.8
141.80	2295	73.5F	8.8
141.85	2289	73.5F	8.8
141.90	2293	73.5F	8.8
141.95	2279	73.5F	8.8
142.00	2237	73.5F	8.8
142.05	2256	73.5F	8.8
142.10	2307	73.5F	8.8
142.15	2277	73.5F	8.8
142.20	2275	73.5F	8.8
142.25	2270	73.5F	8.8
142.30	2272	73.5F	8.8
142.35	2275	73.5F	8.8
142.40	2269	73.4F	8.8
142.45	2288	73.4F	8.8
142.50	2329	73.4F	8.8
142.55	2300	73.4F	8.8
142.60	2246	73.4F	8.8
142.65	2190	73.4F	8.8
142.70	2193	73.4F	8.8
142.75	2237	73.4F	8.8
142.80	2236	73.4F	8.8
142.85	2224	73.4F	8.8
142.90	2209	73.4F	8.8
142.95	2204	73.4F	8.8
143.00	2203	73.4F	8.8
143.05	2204	73.4F	8.8
143.10	2169	73.4F	8.8
143.15	2150	73.4F	8.8
143.20	2142	73.4F	8.8
143.25	2161	73.4F	8.8
143.30	2202	73.4F	8.8
143.35	2222	73.4F	8.8
143.40	2235	73.4F	8.8
143.45	2236	73.4F	8.8
143.50	2159	73.4F	8.8
143.55	2123	73.4F	8.8
143.60	2118	73.4F	8.8
143.65	2139	73.4F	8.8
143.70	2187	73.4F	8.8
143.75	2170	73.4F	8.8
143.80	2141	73.4F	8.8
143.85	2182	73.4F	8.8
143.90	2170	73.4F	8.8
143.95	2076	73.4F	8.8
144.00	2077	73.4F	8.8
144.05	2142	73.4F	8.8
144.10	2141	73.4F	8.8
144.15	2128	73.4F	8.8
144.20	2124	73.4F	8.8
144.25	2124	73.4F	8.8
144.30	2127	73.4F	8.8
144.35	2119	73.4F	8.8
144.40	2127	73.4F	8.8
144.45	2104	73.4F	8.8
144.50	2100	73.4F	8.8
144.55	2131	73.4F	8.8
144.60	2134	73.4F	8.8
144.65	2127	73.4F	8.8
144.70	2128	73.4F	8.8
144.75	2115	73.4F	8.8
144.80	2112	73.4F	8.8
144.85	2108	73.4F	8.8
144.90	2114	73.4F	8.8
144.95	2099	73.4F	8.8
145.00	2084	73.4F	8.8
145.05	2068	73.4F	8.8
145.10	2056	73.4F	8.8
145.15	2060	73.4F	8.8
145.20	2071	73.4F	8.8
145.25	2087	73.4F	8.8
145.30	2083	73.4F	8.8
145.35	2053	73.4F	8.8
145.40	2050	73.4F	8.8
145.45	2051	73.4F	8.8
145.50	2048	73.4F	8.8
145.55	2043	73.4F	8.8
145.60	2045	73.3F	8.8
145.65	2040	73.4F	8.8
145.70	2036	73.4F	8.8
145.75	2036	73.3F	8.8
145.80	2043	73.4F	8.8
145.85	2029	73.3F	8.8
145.90	2036	73.3F	8.8
145.95	2040	73.3F	8.8
146.00	2014	73.4F	8.8
146.05	2008	73.4F	8.8
146.10	2009	73.3F	8.8
146.15	2007	73.3F	8.8
146.20	2006	73.3F	8.8
146.25	2002	73.3F	8.8
146.30	2002	73.3F	8.8
146.35	1997	73.3F	8.8
146.40	2008	73.3F	8.8
146.45	1998	73.3F	8.8
146.50	2000	73.3F	8.8
146.55	2001	73.3F	8.8
146.60	2000	73.3F	8.8
146.65	2003	73.3F	8.8
146.70	2004	73.3F	8.8
146.75	2001	73.3F	8.8
146.80	1998	73.3F	8.8
146.85	1994	73.3F	8.8
146.90	2008	73.3F	8.8
146.95	1985	73.3F	8.8
147.00	1984	73.3F	8.8
147.05	1982	73.3F	8.8
147.10	1976	73.3F	8.8
147.15	1972	73.3F	8.8
147.20	1972	73.3F	8.8
147.25	1968	73.3F	8.8
147.30	1965	73.3F	8.8
147.35	1964	73.3F	8.8
147.40	1963	73.3F	8.8
147.45	1963	73.3F	8.8
147.50	1961	73.3F	8.8
147.55	1950	73.3F	8.8
147.60	1943	73.3F	8.8
147.65	1942	73.3F	8.8
147.70	1940	73.3F	8.8
147.75	1938	73.3F	8.8
147.80	1933	73.3F	8.8
147.85	1929	73.3F	8.8
147.90	1918	73.3F	8.8
147.95	1908	73.3F	8.8
148.00	1906	73.3F	8.8
148.05	1904	73.3F	8.8
148.10	1893	73.3F	8.8
148.15	1888	73.3F	8.8
148.20	1887	73.3F	8.8
148.25	1886	73.3F	8.8
148.30	1908	73.3F	8.8
148.35	1905	73.3F	8.8
148.40	1913	73.3F	8.8
148.45	1918	73.3F	8.8
148.50	1915	73.3F	8.8
148.55	1926	73.3F	8.8
148.60	1924	73.3F	8.8
148.65	1915	73.3F	8.8
148.70	1908	73.3F	8.8
148.75	1886	73.3F	8.8
148.80	1879	73.3F	8.8
148.85	1860	73.3F	8.8
148.90	1858	73.3F	8.8
148.95	1861	73.3F	8.8
149.00	1860	73.3F	8.8
149.05	1860	73.3F	8.8
149.10	1863	73.3F	8.8
149.15	1860	73.3F	8.8
149.20	1861	73.3F	8.8
149.25	1865	73.3F	8.8
149.30	1871	73.3F	8.8
149.35	1867	73.3F	8.8
149.40	1878	73.3F	8.8
149.45	1861	73.3F	8.8
149.50	1855	73.3F	8.8
149.55	1841	73.3F	8.8
149.60	1817	73.3F	8.8
149.65	1800	73.3F	8.8
149.70	1798	73.3F	8.8
149.75	1815	73.3F	8.8
149.80	1832	73.3F	8.8
149.85	1833	73.3F	8.8
149.90	1826	73.3F	8.8
149.95	1834	73.3F	8.8
150.00	1829	73.3F	8.8
150.05	1817	73.3F	8.8
150.10	1801	73.3F	8.8
150.15	1789	73.3F	8.8
150.20	1787	73.3F	8.8
150.25	1791	73.3F	8.8
150.30	1788	73.3F	8.8
150.35	1786	73.3F	8.8
150.40	1783	73.3F	8.8
150.45	1783	73.2F	8.8
150.50	1781	73.2F	8.8
150.55	1787	73.3F	8.8
150.60	1770	73.3F	8.8
150.65	1771	73.3F	8.8
150.70	1786	73.3F	8.8
150.75	1784	73.2F	8.8
150.80	1786	73.2F	8.8
150.85	1777	73.3F	8.8
150.90	1781	73.2F	8.8
150.95	1780	73.3F	8.8
151.00	1772	73.3F	8.8
151.05	1766	73.2F	8.8
151.10	1735	73.2F	8.8
151.15	1709	73.2F	8.8
151.20	1711	73.2F	8.8
151.25	1722	73.3F	8.8
151.30	1731	73.2F	8.8
151.35	1733	73.2F	8.8
151.40	1734	73.2F	8.8
151.45	1727	73.2F	8.8
151.50	1732	73.2F	8.8
151.55	1729	73.2F	8.8
151.60	1729	73.2F	8.8
151.65	1715	73.2F	8.8
151.70	1708	73.2F	8.8
151.75	1691	73.2F	8.8
151.80	1751	73.2F	8.8
151.85	1722	73.2F	8.8
151.90	1729	73.2F	8.8
151.95	1738	73.2F	8.8
152.00	1742	73.2F	8.8
152.05	1745	73.2F	8.8
152.10	1753	73.2F	8.8
152.15	1754	73.2F	8.8
152.20	1735	73.2F	8.8
152.25	1742	73.2F	8.8
152.30	1708	73.2F	8.8
152.35	1692	73.2F	8.8
152.40	1676	73.2F	8.8
152.45	1665	73.2F	8.8
152.50	1674	73.2F	8.8
152.55	1666	73.2F	8.8
152.60	1654	73.2F	8.8
152.65	1651	73.2F	8.8
152.70	1646	73.2F	8.8
152.75	1655	73.2F	8.8
152.80	1658	73.2F	8.8
152.85	1663	73.2F	8.8
152.90	1656	73.2F	8.8
152.95	1646	73.2F	8.8
153.00	1646	73.2F	8.8
153.05	1640	73.2F	8.8
153.10	1635	73.2F	8.8
153.15	1629	73.2F	8.8
153.20	1630	73.2F	8.8
153.25	1623	73.2F	8.8
153.30	1619	73.2F	8.8
153.35	1627	73.2F	8.8
153.40	1619	73.2F	8.8
153.45	1610	73.2F	8.8
153.50	1601	73.2F	8.8
153.55	1598	73.2F	8.8
153.60	1595	73.2F	8.8
153.65	1600	73.2F	8.8
153.70	1631	73.2F	8.8
153.75	1621	73.2F	8.8
153.80	1621	73.2F	8.8
153.85	1610	73.2F	8.8
153.90	1613	73.2F	8.8
153.95	1625	73.2F	8.8
154.00	1617	73.2F	8.8
154.05	1609	73.2F	8.8
154.10	1602	73.2F	8.8
154.15	1598	73.2F	8.8
154.20	1581	73.2F	8.8
154.25	1568	73.2F	8.8
154.30	1562	73.2F	8.8
154.35	1568	73.2F	8.8
154.40	1560	73.2F	8.8
154.45	1555	73.2F	8.8
154.50	1552	73.2F	8.8
154.55	1551	73.2F	8.8
154.60	1549	73.2F	8.8
154.65	1531	73.2F	8.8
154.70	1553	73.2F	8.8
154.75	1549	73.2F	8.8
154.80	1543	73.2F	8.8
154.85	1544	73.2F	8.8
154.90	1544	73.2F	8.8
154.95	1548	73.2F	8.8
155.00	1534	73.2F	8.8
155.05	1538	73.2F	8.8
155.10	1537	73.2F	8.8
155.15	1528	73.2F	8.8
155.20	1527	73.2F	8.8
155.25	1543	73.2F	8.8
155.30	1528	73.2F	8.8
155.35	1534	73.2F	8.8
155.40	1536	73.1F	8.8
155.45	1530	73.2F	8.8
155.50	1524	73.1F	8.8
155.55	1517	73.1F	8.8
155.60	1509	73.1F	8.8
155.65	1514	73.1F	8.8
155.70	1489	73.1F	8.8
155.75	1469	73.1F	8.8
155.80	1458	73.1F	8.8
155.85	1457	73.1F	8.8
155.90	1466	73.1F	8.8
155.95	1469	73.1F	8.8
156.00	1467	73.1F	8.8
156.05	1462	73.2F	8.8
156.10	1462	73.1F	8.8
156.15	1462	73.1F	8.8
156.20	1463	73.1F	8.8
156.25	1478	73.1F	8.8
156.30	1492	73.1F	8.8
156.35	1476	73.1F	8.8
156.40	1477	73.1F	8.8
156.45	1479	73.1F	8.8
156.50	1505	73.1F	8.8
156.55	1469	73.1F	8.8
156.60	1426	73.1F	8.8
156.65	1395	73.1F	8.8
156.70	1398	73.1F	8.8
156.75	1408	73.1F	8.8
156.80	1415	73.1F	8.8
156.85	1412	73.1F	8.8
156.90	1402	73.1F	8.8
156.95	1393	73.1F	8.8
157.00	1391	73.1F	8.8
157.05	1397	73.1F	8.8
157.10	1410	73.1F	8.8
157.15	1412	73.1F	8.8
157.20	1409	73.1F	8.8
157.25	1397	73.1F	8.8
157.30	1393	73.1F	8.8
157.35	1394	73.1F	8.8
157.40	1384	73.1F	8.8
157.45	1363	73.1F	8.8
157.50	1389	73.1F	8.8
157.55	1415	73.1F	8.8
157.60	1412	73.1F	8.8
157.65	1404	73.1F	8.8
157.70	1414	73.1F	8.8
157.75	1395	73.1F	8.8
157.80	1395	73.1F	8.8
157.85	1394	73.1F	8.8
157.90	1392	73.1F	8.8
157.95	1380	73.1F	8.8
158.00	1370	73.1F	8.8
158.05	1353	73.1F	8.8
158.10	1354	73.1F	8.8
158.15	1355	73.1F	8.8
158.20	1356	73.1F	8.8
158.25	1321	73.1F	8.8
158.30	1314	73.1F	8.8
158.35	1357	73.1F	8.8
158.40	1364	73.1F	8.8
158.45	1373	73.1F	8.8
158.50	1385	73.1F	8.8
158.55	1387	73.1F	8.8
158.60	1400	73.1F	8.8
158.65	1404	73.1F	8.8
158.70	1386	73.1F	8.8
158.75	1360	73.1F	8.8
158.80	1322	73.1F	8.8
158.85	1281	73.1F	8.8
158.90	1267	73.1F	8.8
158.95	1272	73.1F	8.8
159.00	1282	73.1F	8.8
159.05	1293	73.1F	8.8
159.10	1298	73.1F	8.8
159.15	1296	73.1F	8.8
159.20	1283	73.1F	8.8
159.25	1268	73.1F	8.8
159.30	1265	73.1F	8.8
159.35	1261	73.1F	8.8
159.40	1279	73.1F	8.8
159.45	1326	73.1F	8.8
159.50	1292	73.1F	8.8
159.55	1304	73.1F	8.8
159.60	1257	73.1F	8.8
159.65	1247	73.1F	8.8
159.70	1276	73.1F	8.8
159.75	1265	73.1F	8.8
159.80	1259	73.1F	8.8
159.85	1259	73.1F	8.8
159.90	1272	73.1F	8.8
159.95	1295	73.1F	8.8
160.00	1282	73.1F	8.8
160.05	1294	73.1F	8.8
160.10	1187	73.1F	8.8
160.15	1209	73.1F	8.8
160.20	1213	73.1F	8.8
160.25	1186	73.1F	8.8
160.30	1187	73.1F	8.8
160.35	1238	73.1F	8.8
160.40	1249	73.1F	8.8
160.45	1229	73.1F	8.8
160.50	1175	73.1F	8.8
160.55	1171	73.1F	8.8
160.60	1175	73.1F	8.8
160.65	1138	73.1F	8.8
160.70	1242	73.1F	8.8
160.75	1234	73.1F	8.8
160.80	1246	73.1F	8.8
160.85	1239	73.0F	8.8
160.90	1207	73.0F	8.8
160.95	1277	73.1F	8.8
161.00	1164	73.1F	8.8
161.05	1169	73.1F	8.8
161.10	1205	73.1F	8.8
161.15	1213	73.1F	8.8
161.20	1205	73.1F	8.8
161.25	1211	73.1F	8.8
161.30	1198	73.1F	8.8
161.35	1127	73.0F	8.8
161.40	1150	73.1F	8.8
161.45	1201	73.1F	8.8
161.50	1197	73.1F	8.8
161.55	1188	73.1F	8.8
161.60	1166	73.0F	8.8
161.65	1161	73.1F	8.8
161.70	1179	73.0F	8.8
161.75	1152	73.0F	8.8
161.80	1136	73.0F	8.8
161.85	1131	73.1F	8.8
161.90	1141	73.0F	8.8
161.95	1141	73.1F	8.8
162.00	1142	73.0F	8.8
162.05	1148	73.0F	8.8
162.10	1141	73.0F	8.8
162.15	1127	73.0F	8.8
162.20	1123	73.0F	8.8
162.25	1114	73.0F	8.8
162.30	1110	73.0F	8.8
162.35	1114	73.0F	8.8
162.40	1106	73.0F	8.8
162.45	1109	73.0F	8.8
162.50	1117	73.0F	8.8
162.55	1056	73.0F	8.8
162.60	1052	73.0F	8.8
162.65	1069	73.0F	8.8
162.70	1059	73.0F	8.8
162.75	1038	73.0F	8.8
162.80	1036	73.0F	8.8
162.85	1074	73.0F	8.8
162.90	1073	73.0F	8.8
162.95	1091	73.0F	8.8
163.00	1007	73.0F	8.8
163.05	991	73.0F	8.8
163.10	996	73.0F	8.8
163.15	992	73.0F	8.8
163.20	1000	73.0F	8.8
163.25	1047	73.0F	8.8
163.30	1011	73.0F	8.8
163.35	1038	73.0F	8.8
163.40	1047	73.0F	8.8
163.45	1023	73.0F	8.8
163.50	1024	73.0F	8.8
163.55	1021	73.0F	8.8
163.60	1013	73.0F	8.8
163.65	1031	73.0F	8.8
163.70	1035	73.0F	8.8
163.75	1034	73.0F	8.8
163.80	1017	73.0F	8.8
163.85	1026	73.0F	8.8
163.90	1014	73.0F	8.8
163.95	1011	73.0F	8.8
164.00	1011	73.0F	8.8
164.05	1012	73.0F	8.8
164.10	1014	73.0F	8.8
164.15	1011	73.0F	8.8
164.20	1008	73.0F	8.8
164.25	1008	73.0F	8.8
164.30	1008	73.0F	8.8
164.35	1012	73.0F	8.8
164.40	1010	73.0F	8.8
164.45	1009	73.0F	8.8
164.50	997	73.0F	8.8
164.55	991	73.0F	8.8
164.60	984	73.0F	8.8
164.65	986	73.0F	8.8
164.70	985	73.0F	8.8
164.75	983	73.0F	8.8
164.80	981	73.0F	8.8
164.85	985	73.0F	8.8
164.90	983	73.0F	8.8
164.95	982	73.0F	8.8
165.00	984	73.0F	8.8
165.05	981	73.0F	8.8
165.10	978	73.0F	8.8
165.15	979	73.0F	8.8
165.20	981	73.0F	8.8
165.25	981	73.0F	8.8
165.30	974	73.0F	8.8
165.35	973	73.0F	8.8
165.40	968	73.0F	8.8
165.45	968	73.0F	8.8
165.50	966	73.0F	8.8
165.55	965	73.0F	8.8
165.60	965	73.0F	8.8
165.65	962	73.0F	8.8
165.70	961	73.0F	8.8
165.75	964	73.0F	8.8
165.80	956	73.0F	8.8
165.85	959	73.0F	8.8
165.90	955	73.0F	8.8
165.95	957	73.0F	8.8
166.00	955	73.0F	8.8
166.05	957	73.0F	8.8
166.10	958	73.0F	8.8
166.15	958	73.0F	8.8
166.20	958	73.0F	8.8
166.25	959	73.0F	8.8
166.30	959	73.0F	8.8
166.35	956	73.0F	8.8
166.40	953	73.0F	8.8
166.45	951	73.0F	8.8
166.50	955	73.0F	8.8
166.55	952	73.0F	8.8
166.60	949	73.0F	8.8
166.65	948	73.0F	8.8
166.70	948	73.0F	8.8
166.75	946	73.0F	8.8
166.80	940	73.0F	8.8
166.85	939	73.0F	8.8
166.90	940	73.0F	8.8
166.95	939	73.0F	8.8
167.00	938	73.0F	8.8
167.05	939	73.0F	8.8
167.10	938	73.0F	8.8
167.15	935	73.0F	8.8
167.20	931	73.0F	8.8
167.25	930	73.0F	8.8
167.30	931	73.0F	8.8
167.35	930	73.0F	8.8
167.40	927	73.0F	8.8
167.45	921	73.0F	8.8
167.50	920	73.0F	8.8
167.55	919	73.0F	8.8
167.60	916	73.0F	8.8
167.65	914	73.0F	8.8
167.70	911	73.0F	8.8
167.75	907	73.0F	8.8
167.80	905	73.0F	8.8
167.85	898	73.0F	8.8
167.90	908	73.0F	8.8
167.95	908	73.0F	8.8
168.00	908	73.0F	8.8
168.05	910	73.0F	8.8
168.10	908	73.0F	8.8
168.15	905	73.0F	8.8
168.20	903	73.0F	8.8
168.25	902	73.0F	8.8
168.30	899	73.0F	8.8
168.35	896	73.0F	8.8
168.40	890	73.0F	8.8
168.45	884	73.0F	8.8
168.50	879	73.0F	8.8
168.55	873	73.0F	8.8
168.60	870	73.0F	8.8
168.65	868	73.0F	8.8
168.70	867	73.0F	8.8
168.75	865	73.0F	8.8
168.80	866	73.0F	8.8
168.85	864	73.0F	8.8
168.90	862	73.0F	8.8
168.95	861	73.0F	8.8
169.00	861	73.0F	8.8
169.05	862	73.0F	8.8
169.10	864	73.0F	8.8
169.15	865	73.0F	8.8
169.20	866	73.0F	8.8
169.25	866	73.0F	8.8
169.30	866	73.0F	8.8
169.35	868	73.0F	8.8
169.40	866	73.0F	8.8
169.45	863	73.0F	8.8
169.50	854	73.0F	8.8
169.55	850	73.0F	8.8
169.60	845	73.0F	8.8
169.65	843	73.0F	8.8
169.70	841	73.0F	8.8
169.75	839	73.0F	8.8
169.80	837	73.0F	8.8
169.85	835	73.0F	8.8
169.90	835	73.0F	8.8
169.95	836	73.0F	8.8
170.00	837	73.0F	8.8
170.05	839	73.0F	8.8
170.10	840	73.0F	8.8
170.15	845	73.0F	8.8
170.20	842	73.0F	8.8
170.25	843	73.0F	8.8
170.30	848	73.0F	8.8
170.35	846	73.0F	8.8
170.40	844	73.0F	8.8
170.45	843	73.0F	8.8
170.50	841	73.0F	8.8
170.55	839	73.0F	8.8
170.60	838	73.0F	8.8
170.65	838	73.0F	8.8
170.70	838	73.0F	8.8
170.75	835	73.0F	8.8
170.80	833	73.0F	8.8
170.85	829	73.0F	8.8
170.90	822	73.0F	8.8
170.95	816	73.0F	8.8
171.00	811	73.0F	8.8
171.05	807	73.0F	8.8
171.10	803	73.0F	8.8
171.15	801	73.0F	8.8
171.20	799	73.0F	8.8
171.25	797	73.0F	8.8
171.30	796	73.0F	8.8
171.35	798	73.0F	8.8
171.40	799	73.0F	8.8
171.45	798	73.0F	8.8
171.50	797	73.0F	8.8
171.55	796	73.0F	8.8
171.60	794	73.0F	8.8
171.65	790	73.0F	8.8
171.70	788	73.0F	8.8
171.75	785	73.0F	8.8
171.80	784	73.0F	8.8
171.85	780	73.0F	8.8
171.90	780	73.0F	8.8
171.95	778	73.0F	8.8
172.00	777	73.0F	8.8
172.05	776	73.0F	8.8
172.10	774	73.0F	8.8
172.15	774	73.0F	8.8
172.20	772	73.0F	8.8
172.25	769	73.0F	8.8
172.30	765	73.0F	8.8
172.35	765	73.0F	8.8
172.40	763	73.0F	8.8
172.45	761	73.0F	8.8
172.50	763	73.0F	8.8
172.55	765	73.0F	8.8
172.60	767	73.0F	8.8
172.65	766	73.0F	8.8
172.70	765	73.0F	8.8
172.75	762	73.0F	8.8
172.80	755	73.0F	8.8
172.85	750	73.0F	8.8
172.90	749	73.0F	8.8
172.95	747	73.0F	8.8
173.00	747	73.0F	8.8
173.05	747	73.0F	8.8
173.10	744	73.0F	8.8
173.15	744	73.0F	8.8
173.20	743	73.0F	8.8
173.25	743	73.0F	8.8
173.30	742	73.0F	8.8
173.35	743	73.0F	8.8
173.40	743	73.0F	8.8
173.45	740	73.0F	8.8
173.50	736	73.0F	8.8
173.55	732	73.0F	8.8
173.60	730	73.0F	8.8
173.65	730	73.0F	8.8
173.70	733	73.0F	8.8
173.75	736	73.0F	8.8
173.80	740	73.0F	8.8
173.85	744	73.0F	8.8
173.90	742	73.0F	8.8
173.95	743	73.0F	8.8
174.00	744	73.0F	8.8
174.05	744	73.0F	8.8
174.10	743	73.0F	8.8
174.15	740	73.0F	8.8
174.20	737	73.0F	8.8
174.25	733	73.0F	8.8
174.30	732	73.0F	8.8
174.35	733	73.0F	8.8
174.40	726	73.0F	8.8
174.45	730	73.0F	8.8
174.50	728	73.0F	8.8
174.55	724	73.0F	8.8
174.60	722	73.0F	8.8
174.65	717	73.0F	8.8
174.70	709	73.0F	8.8
174.75	704	73.0F	8.8
174.80	700	73.0F	8.8
174.85	694	73.0F	8.8
174.90	694	73.0F	8.8
174.95	691	73.0F	8.8
175.00	690	73.0F	8.8
175.05	687	73.0F	8.8
175.10	687	73.0F	8.8
175.15	685	73.0F	8.8
175.20	684	73.0F	8.8
175.25	683	73.0F	8.8
175.30	682	73.0F	8.8
175.35	684	73.0F	8.8
175.40	685	73.0F	8.8
175.45	684	73.0F	8.8
175.50	684	73.0F	8.8
175.55	685	73.0F	8.8
175.60	685	73.0F	8.8
175.65	685	73.0F	8.8
175.70	686	73.0F	8.8
175.75	687	73.0F	8.8
175.80	685	73.0F	8.8
175.85	683	73.0F	8.8
175.90	681	73.0F	8.8
175.95	678	73.0F	8.8
176.00	672	73.0F	8.8
176.05	667	73.0F	8.8
176.10	666	73.0F	8.8
176.15	665	73.0F	8.8
176.20	663	73.0F	8.8
176.25	660	73.0F	8.8
176.30	660	73.0F	8.8
176.35	657	73.0F	8.8
176.40	659	73.0F	8.8
176.45	660	73.0F	8.8
176.50	661	73.0F	8.8
176.55	660	73.0F	8.8
176.60	660	73.0F	8.8
176.65	659	73.0F	8.8
176.70	656	73.0F	8.8
176.75	655	73.0F	8.8
176.80	653	73.0F	8.8
176.85	649	73.0F	8.8
176.90	645	73.0F	8.8
176.95	642	73.0F	8.8
177.00	641	73.0F	8.8
177.05	638	73.0F	8.8
177.10	636	73.0F	8.8
177.15	634	73.0F	8.8
177.20	634	73.0F	8.8
177.25	631	73.0F	8.8
177.30	630	73.0F	8.8
177.35	629	73.0F	8.8
177.40	629	73.0F	8.8
177.45	627	73.0F	8.8
177.50	626	73.0F	8.8
177.55	624	73.0F	8.8
177.60	621	73.0F	8.8
177.65	622	73.0F	8.8
177.70	619	73.0F	8.8
177.75	620	73.0F	8.8
177.80	618	73.0F	8.8
177.85	617	73.0F	8.8
177.90	614	73.0F	8.8
177.95	615	73.0F	8.8
178.00	613	73.0F	8.8
178.05	612	73.0F	8.8
178.10	612	73.0F	8.8
178.15	609	73.0F	8.8
178.20	609	73.0F	8.8
178.25	606	73.0F	8.8
178.30	605	73.0F	8.8
178.35	601	73.0F	8.8
178.40	600	73.0F	8.8
178.45	597	73.0F	8.8
178.50	597	73.0F	8.8
178.55	596	73.0F	8.8
178.60	594	73.0F	8.8
178.65	594	73.0F	8.8
178.70	592	73.0F	8.8
178.75	591	73.0F	8.8
178.80	591	73.0F	8.8
178.85	590	73.0F	8.8
178.90	587	73.0F	8.8
178.95	586	73.0F	8.8
179.00	584	73.0F	8.8
179.05	583	73.0F	8.8
179.10	581	73.0F	8.8
179.15	579	73.0F	8.8
179.20	577	73.0F	8.8
179.25	577	73.0F	8.8
179.30	575	73.0F	8.8
179.35	574	73.0F	8.8
179.40	571	73.0F	8.8
179.45	571	73.0F	8.8
179.50	568	73.0F	8.8
179.55	568	73.0F	8.8
179.60	566	73.0F	8.8
179.65	564	73.0F	8.8
179.70	564	73.0F	8.8
179.75	562	73.0F	8.8
179.80	561	73.0F	8.8
179.85	560	73.0F	8.8
179.90	557	73.0F	8.8
179.95	558	73.0F	8.8
180.00	555	73.0F	8.8
180.05	553	73.0F	8.8
180.10	552	73.0F	8.8
180.15	550	73.0F	8.8
180.20	548	73.0F	8.8
180.25	548	73.0F	8.8
180.30	546	73.0F	8.8
180.35	543	73.0F	8.8
180.40	541	73.0F	8.8
180.45	543	73.0F	8.8
180.50	542	73.0F	8.8
180.55	541	73.0F	8.8
180.60	539	73.0F	8.8
180.65	536	73.0F	8.8
180.70	535	73.0F	8.8
180.75	534	73.0F	8.8
180.80	532	73.0F	8.8
180.85	532	73.0F	8.8
180.90	531	73.0F	8.8
180.95	531	73.0F	8.8
181.00	530	73.0F	8.8
181.05	532	73.0F	8.8
181.10	531	73.0F	8.8
181.15	529	73.0F	8.8
181.20	529	73.0F	8.8
181.25	525	73.0F	8.8
181.30	523	73.0F	8.8
181.35	519	73.0F	8.8
181.40	514	73.0F	8.8
181.45	512	73.0F	8.8
181.50	511	73.0F	8.8
181.55	509	73.0F	8.8
181.60	509	72.9F	8.8
181.65	510	73.0F	8.8
181.70	511	73.0F	8.8
181.75	510	73.0F	8.8
181.80	507	73.0F	8.8
181.85	505	73.0F	8.8
181.90	502	73.0F	8.8
181.95	501	73.0F	8.8
182.00	500	73.0F	8.8
182.05	501	73.0F	8.8
182.10	500	73.0F	8.8
182.15	504	73.0F	8.8
182.20	501	73.0F	8.8
182.25	502	73.0F	8.8
182.30	502	73.0F	8.8
182.35	502	73.0F	8.8
182.40	502	73.0F	8.8
182.45	504	73.0F	8.8
182.50	503	73.0F	8.8
182.55	499	73.0F	8.8
182.60	494	73.0F	8.8
182.65	491	73.0F	8.8
182.70	487	73.0F	8.8
182.75	484	73.0F	8.8
182.80	480	73.0F	8.8
182.85	476	73.0F	8.8
182.90	475	73.0F	8.8
182.95	473	73.0F	8.8
183.00	475	73.0F	8.8
183.05	474	73.0F	8.8
183.10	475	73.0F	8.8
183.15	472	73.0F	8.8
183.20	470	73.0F	8.8
183.25	468	73.0F	8.8
183.30	466	73.0F	8.8
183.35	462	73.0F	8.8
183.40	460	73.0F	8.8
183.45	458	73.0F	8.8
183.50	458	73.0F	8.8
183.55	461	73.0F	8.8
183.60	461	73.0F	8.8
183.65	461	73.0F	8.8
183.70	461	73.0F	8.8
183.75	460	73.0F	8.8
183.80	461	73.0F	8.8
183.85	461	73.0F	8.8
183.90	459	73.0F	8.8
183.95	457	73.0F	8.8
184.00	457	73.0F	8.8
184.05	456	73.0F	8.8
184.10	448	73.0F	8.8
184.15	446	73.0F	8.8
184.20	440	73.0F	8.8
184.25	439	73.0F	8.8
184.30	435	73.0F	8.8
184.35	433	73.0F	8.8
184.40	430	73.0F	8.8
184.45	427	73.0F	8.8
184.50	427	73.0F	8.8
184.55	429	73.0F	8.8
184.60	429	73.0F	8.8
184.65	428	73.0F	8.8
184.70	431	73.0F	8.8
184.75	428	73.0F	8.8
184.80	428	73.0F	8.8
184.85	426	73.0F	8.8
184.90	425	73.0F	8.8
184.95	419	73.0F	8.8
185.00	417	73.0F	8.8
185.05	414	73.0F	8.8
185.10	413	73.0F	8.8
185.15	411	73.0F	8.8
185.20	409	73.0F	8.8
185.25	409	73.0F	8.8
185.30	408	73.0F	8.8
185.35	407	73.0F	8.8
185.40	405	73.0F	8.8
185.45	403	73.0F	8.8
185.50	401	73.0F	8.8
185.55	400	73.0F	8.8
185.60	399	73.0F	8.8
185.65	398	73.0F	8.8
185.70	396	73.0F	8.8
185.75	395	73.0F	8.8
185.80	394	73.0F	8.8
185.85	392	73.0F	8.8
185.90	390	73.0F	8.8
185.95	389	73.0F	8.8
186.00	387	73.0F	8.8
186.05	385	73.0F	8.8
186.10	384	73.0F	8.8
186.15	381	73.0F	8.8
186.20	380	73.0F	8.8
186.25	378	73.0F	8.8
186.30	375	73.0F	8.8
186.35	375	73.0F	8.8
186.40	374	73.0F	8.8
186.45	374	73.0F	8.8
186.50	372	73.0F	8.8
186.55	372	73.0F	8.8
186.60	369	73.0F	8.8
186.65	368	73.0F	8.8
186.70	365	73.0F	8.8
186.75	362	73.0F	8.8
186.80	362	73.0F	8.8
186.85	359	73.0F	8.8
186.90	358	73.0F	8.8
186.95	357	73.0F	8.8
187.00	357	73.0F	8.8
187.05	357	73.0F	8.8
187.10	354	73.0F	8.8
187.15	355	73.0F	8.8
187.20	352	73.0F	8.8
187.25	350	73.0F	8.8
187.30	350	73.0F	8.8
187.35	348	73.0F	8.8
187.40	345	73.0F	8.8
187.45	343	73.0F	8.8
187.50	340	73.0F	8.8
187.55	339	73.0F	8.8
187.60	338	73.0F	8.8
187.65	337	73.0F	8.8
187.70	335	73.0F	8.8
187.75	333	73.0F	8.8
187.80	333	73.0F	8.8
187.85	331	73.0F	8.8
187.90	330	73.0F	8.8
187.95	325	73.0F	8.8
188.00	325	73.0F	8.8
188.05	325	73.0F	8.8
188.10	323	73.0F	8.8
188.15	323	73.0F	8.8
188.20	323	73.0F	8.8
188.25	323	73.0F	8.8
188.30	323	73.0F	8.8
188.35	322	73.0F	8.8
188.40	320	73.0F	8.8
188.45	319	73.0F	8.8
188.50	317	73.0F	8.8
188.55	316	73.0F	8.8
188.60	314	73.0F	8.8
188.65	313	73.0F	8.8
188.70	312	73.0F	8.8
188.75	311	73.0F	8.8
188.80	309	73.0F	8.8
188.85	309	73.0F	8.8
188.90	308	73.0F	8.8
188.95	306	73.0F	8.8
189.00	304	73.0F	8.8
189.05	304	73.0F	8.8
189.10	303	73.0F	8.8
189.15	301	73.0F	8.8
189.20	301	73.0F	8.8
189.25	299	73.0F	8.8
189.30	300	73.0F	8.8
189.35	299	73.0F	8.8
189.40	299	73.0F	8.8
189.45	297	73.0F	8.8
189.50	297	73.0F	8.8
189.55	297	73.0F	8.8
189.60	295	73.0F	8.8
189.65	294	73.0F	8.8
189.70	294	73.0F	8.8
189.75	287	73.0F	8.8
189.80	289	73.0F	8.8
189.85	291	73.0F	8.8
189.90	283	73.0F	8.8
189.95	280	73.0F	8.8
190.00	278	73.0F	8.8
190.05	275	73.0F	8.8
190.10	269	73.0F	8.8
190.15	263	73.0F	8.8
190.20	262	73.0F	8.8
190.25	263	73.0F	8.8
190.30	264	73.0F	8.8
190.35	265	73.0F	8.8
190.40	269	73.0F	8.8
190.45	268	73.0F	8.8
190.50	268	73.0F	8.8
190.55	269	73.0F	8.8
190.60	269	73.0F	8.8
190.65	269	73.0F	8.8
190.70	267	73.0F	8.8
190.75	265	73.0F	8.8
190.80	263	73.0F	8.8
190.85	262	73.0F	8.8
190.90	261	73.0F	8.8
190.95	262	73.0F	8.8
191.00	259	73.0F	8.8
191.05	252	73.0F	8.8
191.10	246	73.0F	8.8
191.15	244	73.0F	8.8
191.20	238	73.0F	8.8
191.25	231	73.0F	8.8
191.30	226	73.0F	8.8
191.35	227	73.0F	8.8
191.40	226	73.0F	8.8
191.45	226	73.0F	8.8
191.50	225	73.0F	8.8
191.55	226	73.0F	8.8
191.60	227	73.0F	8.8
191.65	228	73.0F	8.8
191.70	228	73.0F	8.8
191.75	228	73.0F	8.8
191.80	230	73.0F	8.8
191.85	227	73.0F	8.8
191.90	224	73.0F	8.8
191.95	223	73.0F	8.8
192.00	219	73.0F	8.8
192.05	214	73.0F	8.8
192.10	216	73.0F	8.8
192.15	216	73.0F	8.8
192.20	217	73.0F	8.8
192.25	218	73.0F	8.8
192.30	217	73.0F	8.8
192.35	212	73.0F	8.8
192.40	212	73.0F	8.8
192.45	207	73.0F	8.8
192.50	209	73.0F	8.8
192.55	209	73.0F	8.8
192.60	213	73.0F	8.8
192.65	209	73.0F	8.8
192.70	208	73.0F	8.8
192.75	205	73.0F	8.8
192.80	196	73.0F	8.8
192.85	195	73.0F	8.8
192.90	190	73.0F	8.8
192.95	190	73.0F	8.8
193.00	190	73.0F	8.8
193.05	187	73.0F	8.8
193.10	193	73.0F	8.8
193.15	190	73.0F	8.8
193.20	190	73.0F	8.8
193.25	197	73.0F	8.8
193.30	195	73.0F	8.8
193.35	195	73.0F	8.8
193.40	191	73.0F	8.8
193.45	184	73.0F	8.8
193.50	170	73.0F	8.8
193.55	163	73.0F	8.8
193.60	161	73.0F	8.8
193.65	162	73.0F	8.8
193.70	164	73.0F	8.8
193.75	166	73.0F	8.8
193.80	167	73.0F	8.8
193.85	165	73.0F	8.8
193.90	166	73.0F	8.8
193.95	168	73.0F	8.8
194.00	164	73.0F	8.8
194.05	166	73.0F	8.8
194.10	164	73.0F	8.8
194.15	159	73.0F	8.8
194.20	152	73.0F	8.8
194.25	143	73.0F	8.8
194.30	139	73.0F	8.8
194.35	143	73.0F	8.8
194.40	152	73.0F	8.8
194.45	152	73.0F	8.8
194.50	152	73.0F	8.8
194.55	144	73.0F	8.8
194.60	147	73.0F	8.8
194.65	151	73.0F	8.8
194.70	147	73.0F	8.8
194.75	147	73.0F	8.8
194.80	145	73.0F	8.8
194.85	144	73.0F	8.8
194.90	141	73.0F	8.8
194.95	139	73.0F	8.8
195.00	141	73.0F	8.8
195.05	136	73.0F	8.8
195.10	138	73.0F	8.8
195.15	137	73.0F	8.8
195.20	135	73.0F	8.8
195.25	131	73.0F	8.8
195.30	126	73.0F	8.8
195.35	128	73.0F	8.8
195.40	118	73.0F	8.8
195.45	118	73.0F	8.8
195.50	118	73.0F	8.8
195.55	115	73.0F	8.8
195.60	110	73.0F	8.8
195.65	110	73.0F	8.8
195.70	116	73.0F	8.8
195.75	114	73.0F	8.8
195.80	112	73.0F	8.8
195.85	114	73.0F	8.8
195.90	114	73.0F	8.8
195.95	111	73.0F	8.8
196.00	110	73.0F	8.8
196.05	106	73.0F	8.8
196.10	100	73.0F	8.8
196.15	96	73.0F	8.8
196.20	93	73.0F	8.8
196.25	90	73.0F	8.8
196.30	88	73.0F	8.8
196.35	85	73.0F	8.8
196.40	83	73.0F	8.8
196.45	80	73.0F	8.8
196.50	82	73.0F	8.8
196.55	79	73.0F	8.8
196.60	78	73.0F	8.8
196.65	76	73.0F	8.8
196.70	75	73.0F	8.8
196.75	74	73.0F	8.8
196.80	72	73.0F	8.8
196.85	72	73.0F	8.8
196.90	72	73.0F	8.8
196.95	72	73.0F	8.8
197.00	71	73.0F	8.8
197.05	70	73.0F	8.8
197.10	68	73.0F	8.8
197.15	67	73.0F	8.8
197.20	66	73.0F	8.8
197.25	63	73.0F	8.8
197.30	62	73.0F	8.8
197.35	57	73.0F	8.8
197.40	57	73.0F	8.8
197.45	54	73.0F	8.8
197.50	51	73.0F	8.8
197.55	50	73.0F	8.8
197.60	50	73.0F	8.8
197.65	50	73.0F	8.8
197.70	52	73.0F	8.8
197.75	52	73.0F	8.8
197.80	53	73.0F	8.8
197.85	53	73.0F	8.8
197.90	52	73.0F	8.8
197.95	51	73.0F	8.8
198.00	49	73.0F	8.8
198.05	46	73.0F	8.8
198.10	44	73.0F	8.8
198.15	41	73.0F	8.8
198.20	36	73.0F	8.8
198.25	34	73.0F	8.8
198.30	31	73.0F	8.8
198.35	26	73.0F	8.8
198.40	23	73.0F	8.8
198.45	22	73.0F	8.8
198.50	22	73.0F	8.8
198.55	21	73.0F	8.8
198.60	21	73.0F	8.8
198.65	18	73.0F	8.8
198.70	18	73.0F	8.8
198.75	17	73.0F	8.8
198.80	16	73.0F	8.8
198.85	14	73.0F	8.8
198.90	16	73.0F	8.8
198.95	15	73.0F	8.8
199.00	14	73.0F	8.8
199.05	12	73.0F	8.8
199.10	10	73.0F	8.8
199.15	7	73.0F	8.8
199.20	6	73.0F	8.8
199.25	3	73.0F	8.8
199.30	1	73.0F	8.8
199.35	1	73.0F	8.8
199.40	1	73.0F	8.8
199.45	4	73.0F	8.8
199.50	3	73.0F	8.8
199.55	4	73.0F	8.8
199.60	5	73.0F	8.8
199.65	4	73.0F	8.8
199.70	3	73.0F	8.8
199.75	4	73.0F	8.8
199.80	1	73.0F	8.8
199.85	-2	73.0F	8.8
199.90	-5	73.0F	8.8
199.95	-11	73.0F	8.8
200.00	-14	73.0F	8.8
200.05	-17	73.0F	8.8
200.10	-21	73.0F	8.8
200.15	-22	73.0F	8.8
200.20	-21	73.0F	8.8
200.25	-22	73.0F	8.8
200.30	-18	73.0F	8.8
200.35	-17	73.0F	8.8
200.40	-18	73.0F	8.8
200.45	-19	73.0F	8.8
200.50	-22	73.0F	8.8
200.55	-22	73.0F	8.8
200.60	-24	73.0F	8.8
200.65	-26	73.0F	8.8
200.70	-28	73.0F	8.8
200.75	-29	73.0F	8.8
200.80	-33	73.0F	8.8
200.85	-33	73.0F	8.8
200.90	-39	73.0F	8.8
200.95	-36	73.0F	8.8
201.00	-37	73.0F	8.8
201.05	-35	73.0F	8.8
201.10	-38	73.0F	8.8
201.15	-35	73.0F	8.8
201.20	-36	73.0F	8.8
201.25	-38	73.0F	8.8
201.30	-36	73.0F	8.8
201.35	-35	73.0F	8.8
201.40	-37	73.0F	8.8
201.45	-36	73.0F	8.8
201.50	-36	73.0F	8.8
201.55	-37	73.0F	8.8
201.60	-36	73.0F	8.8
201.65	-36	73.0F	8.8
201.70	-37	73.0F	8.8
201.75	-36	73.0F	8.8
201.80	-35	73.0F	8.8
201.85	-36	73.0F	8.8
201.90	-37	73.0F	8.8
201.95	-36	73.0F	8.8
202.00	-36	73.0F	8.8
202.05	-36	73.0F	8.8
202.10	-35	73.0F	8.8
202.15	-36	73.0F	8.8
202.20	-36	73.0F	8.8
202.25	-37	73.0F	8.8
202.30	-36	73.0F	8.8
202.35	-36	73.0F	8.8
202.40	-37	73.0F	8.8
202.45	-36	73.0F	8.8
202.50	-36	73.0F	8.8
202.55	-36	73.0F	8.8
202.60	-37	73.0F	8.8
202.65	-36	73.0F	8.8
202.70	-36	73.0F	8.8
202.75	-37	73.0F	8.8
202.80	-36	73.0F	8.8
202.85	-36	73.0F	8.8
202.90	-36	73.0F	8.8
202.95	-36	73.0F	8.8
203.00	-36	73.0F	8.8
203.05	-36	73.0F	8.8
203.10	-36	73.0F	8.8
203.15	-37	73.0F	8.8
203.20	-36	73.0F	8.8
203.25	-37	73.0F	8.8
203.30	-37	73.0F	8.8
203.35	-37	73.0F	8.8
203.40	-37	73.0F	8.8
203.45	-37	73.0F	8.8
203.50	-36	73.0F	8.8
203.55	-36	73.0F	8.8
203.60	-36	73.0F	8.8
203.65	-36	73.0F	8.8
203.70	-36	73.0F	8.8
203.75	-36	73.0F	8.8
203.80	-37	73.0F	8.8
203.85	-36	73.0F	8.8
203.90	-36	73.0F	8.8
203.95	-37	73.0F	8.8
204.00	-37	73.0F	8.8
204.05	-35	73.0F	8.8
204.10	-37	73.0F	8.8
204.15	-37	73.0F	8.8
204.20	-37	73.0F	8.8
204.25	-37	73.0F	8.8
204.30	-37	73.0F	8.8
204.35	-36	73.0F	8.8
204.40	-36	73.0F	8.8
204.45	-36	73.0F	8.8
204.50	-36	73.0F	8.8
204.55	-36	73.0F	8.8
204.60	-36	73.0F	8.8
204.65	-36	73.0F	8.8
204.70	-36	73.0F	8.8
204.75	-36	73.0F	8.8
204.80	-36	73.0F	8.8
204.85	-36	73.0F	8.8
204.90	-36	73.0F	8.8
204.95	-36	73.0F	8.8
205.00	-36	73.0F	8.8
205.05	-36	73.0F	8.8
205.10	-37	73.0F	8.8
205.15	-36	73.0F	8.8
205.20	-37	73.0F	8.8
205.25	-36	73.0F	8.8
205.30	-37	73.0F	8.8
205.35	-37	73.0F	8.8
205.40	-36	73.0F	8.8
205.45	-37	73.0F	8.8
205.50	-37	73.0F	8.8
205.55	-36	73.0F	8.8
205.60	-37	73.0F	8.8
205.65	-36	73.0F	8.8
205.70	-36	73.0F	8.8
205.75	-37	73.0F	8.8
205.80	-35	73.0F	8.8
205.85	-36	73.0F	8.8
205.90	-36	73.0F	8.8
205.95	-36	73.0F	8.8
206.00	-37	73.0F	8.8
206.05	-35	73.0F	8.8
206.10	-35	73.0F	8.8
206.15	-36	73.0F	8.8
206.20	-38	73.0F	8.8
206.25	-36	73.0F	8.8
206.30	-36	73.0F	8.8
206.35	-37	73.0F	8.8
206.40	-36	73.0F	8.8
206.45	-36	73.0F	8.8
206.50	-36	73.0F	8.8
206.55	-36	73.0F	8.8
206.60	-36	73.0F	8.8
206.65	-36	73.0F	8.8
206.70	-37	73.0F	8.8
206.75	-36	73.0F	8.8
206.80	-36	73.0F	8.8
206.85	-36	73.0F	8.8
206.90	-36	73.0F	8.8
206.95	-37	73.0F	8.8
207.00	-37	73.0F	8.8
207.05	-36	73.0F	8.8
207.10	-36	73.0F	8.8
207.15	-36	73.0F	8.8
207.20	-37	73.0F	8.8
207.25	-36	73.0F	8.8
207.30	-36	73.0F	8.8
207.35	-37	73.0F	8.8
207.40	-35	73.0F	8.8
207.45	-36	73.0F	8.8
207.50	-36	73.0F	8.8
207.55	-36	73.0F	8.8
207.60	-37	73.0F	8.8
207.65	-36	73.0F	8.8
207.70	-36	73.0F	8.8
207.75	-36	73.0F	8.8
207.80	-36	73.0F	8.8
207.85	-36	73.0F	8.8
207.90	-36	73.0F	8.8
207.95	-35	73.0F	8.8
208.00	-35	73.0F	8.8
208.05	-36	73.0F	8.8
208.10	-36	73.0F	8.8
208.15	-36	73.0F	8.8
208.20	-36	73.0F	8.8
208.25	-36	73.0F	8.8
208.30	-36	73.0F	8.8
208.35	-36	73.0F	8.8
